1_3363_T_C	5.82E-01	5.77E-05	2.85E-05	-8.97E+07	2.01E+07	4.58E-01	
1_10508_T_C	5.82E-01	5.77E-05	2.85E-05	-8.97E+07	2.01E+07	4.58E-01	
1_14364_G_A	5.82E-01	5.77E-05	2.85E-05	-8.97E+07	2.01E+07	4.58E-01	
1_105260_C_T	5.19E-01	8.68E-06	4.62E-06	-9.64E+07	1.95E+07	4.95E-01	
1_105404_C_T	5.19E-01	8.68E-06	4.62E-06	-9.64E+07	1.95E+07	4.95E-01	
1_105642_A_G	5.19E-01	8.68E-06	4.62E-06	-9.64E+07	1.95E+07	4.95E-01	
1_105772_A_G	5.19E-01	8.68E-06	4.62E-06	-9.64E+07	1.95E+07	4.95E-01	
1_121939_T_C	4.43E-01	9.68E-04	2.44E-05	-9.06E+07	2.01E+07	4.61E-01	
1_122869_C_T	4.94E-01	2.10E-05	4.62E-06	-9.59E+07	1.94E+07	4.95E-01	
1_124139_T_C	5.19E-01	8.68E-06	4.62E-06	-9.64E+07	1.95E+07	4.95E-01	
1_130040_G_C	4.81E-01	3.84E-06	1.41E-05	-9.27E+07	2.00E+07	4.73E-01	
1_130220_A_G	4.81E-01	3.84E-06	1.41E-05	-9.27E+07	2.00E+07	4.73E-01	
1_130301_A_G	4.81E-01	3.84E-06	1.41E-05	-9.27E+07	2.00E+07	4.73E-01	
1_130499_G_A	4.81E-01	3.84E-06	1.41E-05	-9.27E+07	2.00E+07	4.73E-01	
1_130757_A_G	4.81E-01	3.84E-06	1.41E-05	-9.27E+07	2.00E+07	4.73E-01	
1_130850_T_C	4.81E-01	3.84E-06	1.41E-05	-9.27E+07	2.00E+07	4.73E-01	
1_131105_G_A	4.81E-01	3.84E-06	1.41E-05	-9.27E+07	2.00E+07	4.73E-01	
1_131114_G_A	4.81E-01	3.84E-06	1.41E-05	-9.27E+07	2.00E+07	4.73E-01	
1_131210_A_G	4.81E-01	3.84E-06	1.41E-05	-9.27E+07	2.00E+07	4.73E-01	
1_131231_T_C	4.81E-01	3.84E-06	1.41E-05	-9.27E+07	2.00E+07	4.73E-01	
1_131333_A_G	4.81E-01	3.84E-06	1.41E-05	-9.27E+07	2.00E+07	4.73E-01	
1_131348_A_G	4.81E-01	3.84E-06	1.41E-05	-9.27E+07	2.00E+07	4.73E-01	
1_131621_A_G	4.81E-01	3.84E-06	1.41E-05	-9.27E+07	2.00E+07	4.73E-01	
1_131876_A_G	4.81E-01	3.84E-06	1.41E-05	-9.27E+07	2.00E+07	4.73E-01	
1_131951_G_C	4.81E-01	3.84E-06	1.41E-05	-9.27E+07	2.00E+07	4.73E-01	
1_131954_A_G	4.81E-01	3.84E-06	1.41E-05	-9.27E+07	2.00E+07	4.73E-01	
1_132104_T_C	4.81E-01	3.84E-06	1.41E-05	-9.27E+07	2.00E+07	4.73E-01	
1_132428_G_A	4.81E-01	3.84E-06	1.41E-05	-9.27E+07	2.00E+07	4.73E-01	
1_132430_A_C	4.81E-01	3.84E-06	1.41E-05	-9.27E+07	2.00E+07	4.73E-01	
1_132449_C_A	4.81E-01	3.84E-06	1.41E-05	-9.27E+07	2.00E+07	4.73E-01	
1_132494_T_A	4.81E-01	3.84E-06	1.41E-05	-9.27E+07	2.00E+07	4.73E-01	
1_132500_G_A	4.81E-01	3.84E-06	1.41E-05	-9.27E+07	2.00E+07	4.73E-01	
1_132521_G_T	4.81E-01	3.84E-06	1.41E-05	-9.27E+07	2.00E+07	4.73E-01	
1_132554_G_A	4.81E-01	3.84E-06	1.41E-05	-9.27E+07	2.00E+07	4.73E-01	
1_132560_A_C	4.81E-01	3.84E-06	1.41E-05	-9.27E+07	2.00E+07	4.73E-01	
1_132570_C_T	4.81E-01	3.84E-06	1.41E-05	-9.27E+07	2.00E+07	4.73E-01	
1_132611_C_T	4.81E-01	3.84E-06	1.41E-05	-9.27E+07	2.00E+07	4.73E-01	
1_132666_G_A	4.81E-01	3.84E-06	1.41E-05	-9.27E+07	2.00E+07	4.73E-01	
1_132668_C_A	4.81E-01	3.84E-06	1.41E-05	-9.27E+07	2.00E+07	4.73E-01	
1_132674_C_T	4.81E-01	3.84E-06	1.41E-05	-9.27E+07	2.00E+07	4.73E-01	
1_132685_T_C	4.81E-01	3.84E-06	1.41E-05	-9.27E+07	2.00E+07	4.73E-01	
1_132711_G_A	4.81E-01	3.84E-06	1.41E-05	-9.27E+07	2.00E+07	4.73E-01	
1_132725_G_A	4.81E-01	3.84E-06	1.41E-05	-9.27E+07	2.00E+07	4.73E-01	
1_132746_A_C	4.81E-01	3.84E-06	1.41E-05	-9.27E+07	2.00E+07	4.73E-01	
1_132761_A_G	4.81E-01	3.84E-06	1.41E-05	-9.27E+07	2.00E+07	4.73E-01	
1_132770_T_C	4.81E-01	3.84E-06	1.41E-05	-9.27E+07	2.00E+07	4.73E-01	
1_132772_T_C	4.81E-01	3.84E-06	1.41E-05	-9.27E+07	2.00E+07	4.73E-01	
1_132863_C_T	4.81E-01	3.84E-06	1.41E-05	-9.27E+07	2.00E+07	4.73E-01	
1_132933_T_G	4.81E-01	3.84E-06	1.41E-05	-9.27E+07	2.00E+07	4.73E-01	
1_132963_A_G	4.81E-01	3.84E-06	1.41E-05	-9.27E+07	2.00E+07	4.73E-01	
1_132967_G_A	4.81E-01	3.84E-06	1.41E-05	-9.27E+07	2.00E+07	4.73E-01	
1_132992_T_C	4.81E-01	3.84E-06	1.41E-05	-9.27E+07	2.00E+07	4.73E-01	
1_133089_T_C	4.81E-01	3.84E-06	1.41E-05	-9.27E+07	2.00E+07	4.73E-01	
1_133122_A_G	4.81E-01	3.84E-06	1.41E-05	-9.27E+07	2.00E+07	4.73E-01	
1_133146_C_T	4.81E-01	3.84E-06	1.41E-05	-9.27E+07	2.00E+07	4.73E-01	
1_133218_T_C	4.81E-01	3.84E-06	1.41E-05	-9.27E+07	2.00E+07	4.73E-01	
1_133398_T_C	4.81E-01	3.84E-06	1.41E-05	-9.27E+07	2.00E+07	4.73E-01	
1_133495_A_G	4.81E-01	3.84E-06	1.41E-05	-9.27E+07	2.00E+07	4.73E-01	
1_133611_A_G	4.81E-01	3.84E-06	1.41E-05	-9.27E+07	2.00E+07	4.73E-01	
1_133677_G_A	4.81E-01	3.84E-06	1.41E-05	-9.27E+07	2.00E+07	4.73E-01	
1_133693_A_G	4.81E-01	3.84E-06	1.41E-05	-9.27E+07	2.00E+07	4.73E-01	
1_133701_C_T	4.81E-01	3.84E-06	1.41E-05	-9.27E+07	2.00E+07	4.73E-01	
1_133704_G_A	4.81E-01	3.84E-06	1.41E-05	-9.27E+07	2.00E+07	4.73E-01	
1_133719_T_C	4.81E-01	3.84E-06	1.41E-05	-9.27E+07	2.00E+07	4.73E-01	
1_133734_C_A	4.81E-01	3.84E-06	1.41E-05	-9.27E+07	2.00E+07	4.73E-01	
1_133743_C_T	4.81E-01	3.84E-06	1.41E-05	-9.27E+07	2.00E+07	4.73E-01	
1_133760_G_T	4.81E-01	3.84E-06	1.41E-05	-9.27E+07	2.00E+07	4.73E-01	
1_133767_A_T	4.81E-01	3.84E-06	1.41E-05	-9.27E+07	2.00E+07	4.73E-01	
1_133794_C_T	4.81E-01	3.84E-06	1.41E-05	-9.27E+07	2.00E+07	4.73E-01	
1_133803_C_G	4.81E-01	3.84E-06	1.41E-05	-9.27E+07	2.00E+07	4.73E-01	
1_133845_T_G	4.81E-01	3.84E-06	1.41E-05	-9.27E+07	2.00E+07	4.73E-01	
1_133894_C_T	4.81E-01	3.84E-06	1.41E-05	-9.27E+07	2.00E+07	4.73E-01	
1_133929_G_A	4.81E-01	3.84E-06	1.41E-05	-9.27E+07	2.00E+07	4.73E-01	
1_133932_C_T	4.81E-01	3.84E-06	1.41E-05	-9.27E+07	2.00E+07	4.73E-01	
1_134034_C_T	4.81E-01	3.84E-06	1.41E-05	-9.27E+07	2.00E+07	4.73E-01	
1_134040_T_G	4.81E-01	3.84E-06	1.41E-05	-9.27E+07	2.00E+07	4.73E-01	
1_134068_T_C	4.81E-01	3.84E-06	1.41E-05	-9.27E+07	2.00E+07	4.73E-01	
1_134124_T_C	4.81E-01	3.84E-06	1.41E-05	-9.27E+07	2.00E+07	4.73E-01	
1_134364_T_C	4.81E-01	3.84E-06	1.41E-05	-9.27E+07	2.00E+07	4.73E-01	
1_134426_T_C	4.81E-01	3.84E-06	1.41E-05	-9.27E+07	2.00E+07	4.73E-01	
1_134524_T_C	4.81E-01	3.84E-06	1.41E-05	-9.27E+07	2.00E+07	4.73E-01	
1_134535_T_C	4.81E-01	3.84E-06	1.41E-05	-9.27E+07	2.00E+07	4.73E-01	
1_134551_A_T	4.81E-01	3.84E-06	1.41E-05	-9.27E+07	2.00E+07	4.73E-01	
1_134560_T_C	4.81E-01	3.84E-06	1.41E-05	-9.27E+07	2.00E+07	4.73E-01	
1_134568_G_A	4.81E-01	3.84E-06	1.41E-05	-9.27E+07	2.00E+07	4.73E-01	
1_134597_T_G	4.81E-01	3.84E-06	1.41E-05	-9.27E+07	2.00E+07	4.73E-01	
1_134608_C_A	4.81E-01	3.84E-06	1.41E-05	-9.27E+07	2.00E+07	4.73E-01	
1_134629_T_C	4.81E-01	3.84E-06	1.41E-05	-9.27E+07	2.00E+07	4.73E-01	
1_134636_G_A	4.81E-01	3.84E-06	1.41E-05	-9.27E+07	2.00E+07	4.73E-01	
1_134829_G_A	4.81E-01	3.84E-06	1.41E-05	-9.27E+07	2.00E+07	4.73E-01	
1_134921_T_C	4.81E-01	3.84E-06	1.41E-05	-9.27E+07	2.00E+07	4.73E-01	
1_134926_T_C	4.81E-01	3.84E-06	1.41E-05	-9.27E+07	2.00E+07	4.73E-01	
1_135187_G_C	4.81E-01	3.84E-06	1.41E-05	-9.27E+07	2.00E+07	4.73E-01	
1_135193_G_C	4.81E-01	3.84E-06	1.41E-05	-9.27E+07	2.00E+07	4.73E-01	
1_135274_C_T	4.81E-01	3.84E-06	1.41E-05	-9.27E+07	2.00E+07	4.73E-01	
1_135388_C_T	4.81E-01	3.84E-06	1.41E-05	-9.27E+07	2.00E+07	4.73E-01	
1_135526_G_A	4.81E-01	3.84E-06	1.41E-05	-9.27E+07	2.00E+07	4.73E-01	
1_135535_C_A	4.81E-01	3.84E-06	1.41E-05	-9.27E+07	2.00E+07	4.73E-01	
1_135597_T_C	5.19E-01	3.84E-06	1.41E-05	9.27E+07	2.00E+07	4.73E-01	
1_135597_T_*	4.81E-01	3.84E-06	1.41E-05	-9.27E+07	2.00E+07	4.73E-01	
1_135598_T_C	5.19E-01	3.84E-06	1.41E-05	9.27E+07	2.00E+07	4.73E-01	
1_135598_T_*	4.81E-01	3.84E-06	1.41E-05	-9.27E+07	2.00E+07	4.73E-01	
1_135632_T_C	4.81E-01	3.84E-06	1.41E-05	-9.27E+07	2.00E+07	4.73E-01	
1_136087_C_T	4.81E-01	3.84E-06	1.41E-05	-9.27E+07	2.00E+07	4.73E-01	
1_136282_T_C	4.81E-01	3.84E-06	1.41E-05	-9.27E+07	2.00E+07	4.73E-01	
1_136326_A_G	4.81E-01	3.84E-06	1.41E-05	-9.27E+07	2.00E+07	4.73E-01	
1_136425_A_G	4.81E-01	3.84E-06	1.41E-05	-9.27E+07	2.00E+07	4.73E-01	
1_136449_G_A	4.81E-01	3.84E-06	1.41E-05	-9.27E+07	2.00E+07	4.73E-01	
1_152400_T_C	5.70E-01	1.17E-05	7.33E-06	-9.51E+07	1.97E+07	4.86E-01	
1_152739_T_C	5.32E-01	1.09E-05	8.47E-06	-9.40E+07	1.97E+07	4.83E-01	
1_152754_T_C	5.32E-01	1.09E-05	8.47E-06	-9.40E+07	1.97E+07	4.83E-01	
1_153390_T_A	5.32E-01	1.09E-05	8.47E-06	-9.40E+07	1.97E+07	4.83E-01	
1_155740_C_T	5.32E-01	1.09E-05	8.47E-06	-9.40E+07	1.97E+07	4.83E-01	
1_155887_T_C	5.32E-01	1.09E-05	8.47E-06	-9.40E+07	1.97E+07	4.83E-01	
1_156175_T_A	5.32E-01	1.09E-05	8.47E-06	-9.40E+07	1.97E+07	4.83E-01	
1_156189_T_C	5.32E-01	1.09E-05	8.47E-06	-9.40E+07	1.97E+07	4.83E-01	
1_157201_T_C	5.32E-01	1.09E-05	8.47E-06	-9.40E+07	1.97E+07	4.83E-01	
1_157255_C_T	5.32E-01	1.09E-05	8.47E-06	-9.40E+07	1.97E+07	4.83E-01	
1_158671_T_C	5.32E-01	1.09E-05	8.47E-06	-9.40E+07	1.97E+07	4.83E-01	
1_158724_T_C	5.32E-01	1.09E-05	8.47E-06	-9.40E+07	1.97E+07	4.83E-01	
1_158847_C_A	5.32E-01	1.09E-05	8.47E-06	-9.40E+07	1.97E+07	4.83E-01	
1_158848_A_G	5.32E-01	1.09E-05	8.47E-06	-9.40E+07	1.97E+07	4.83E-01	
1_162898_T_A	5.32E-01	1.09E-05	8.47E-06	-9.40E+07	1.97E+07	4.83E-01	
1_163433_T_C	5.32E-01	1.09E-05	8.47E-06	-9.40E+07	1.97E+07	4.83E-01	
1_164276_A_G	5.32E-01	1.09E-05	8.47E-06	-9.40E+07	1.97E+07	4.83E-01	
1_164448_T_C	5.32E-01	1.09E-05	8.47E-06	-9.40E+07	1.97E+07	4.83E-01	
1_165013_T_A	5.32E-01	1.09E-05	8.47E-06	-9.40E+07	1.97E+07	4.83E-01	
1_165579_T_C	5.32E-01	1.09E-05	8.47E-06	-9.40E+07	1.97E+07	4.83E-01	
1_166793_G_A	5.32E-01	1.09E-05	8.47E-06	-9.40E+07	1.97E+07	4.83E-01	
1_166847_G_A	5.32E-01	1.09E-05	8.47E-06	-9.40E+07	1.97E+07	4.83E-01	
1_166898_G_A	5.32E-01	1.09E-05	8.47E-06	-9.40E+07	1.97E+07	4.83E-01	
1_167258_G_C	5.19E-01	8.68E-06	4.62E-06	-9.64E+07	1.95E+07	4.95E-01	
1_178421_C_T	4.81E-01	3.84E-06	1.41E-05	-9.27E+07	2.00E+07	4.73E-01	
1_178443_A_G	4.81E-01	3.84E-06	1.41E-05	-9.27E+07	2.00E+07	4.73E-01	
1_178473_A_G	4.81E-01	3.84E-06	1.41E-05	-9.27E+07	2.00E+07	4.73E-01	
1_178508_T_G	4.81E-01	3.84E-06	1.41E-05	-9.27E+07	2.00E+07	4.73E-01	
1_184145_C_T	5.19E-01	1.19E-05	6.66E-06	-9.50E+07	1.96E+07	4.88E-01	
1_186549_C_T	5.19E-01	8.68E-06	4.62E-06	-9.64E+07	1.95E+07	4.95E-01	
1_187577_T_C	5.32E-01	1.09E-05	8.47E-06	-9.40E+07	1.97E+07	4.83E-01	
1_193339_C_G	5.32E-01	1.09E-05	8.47E-06	-9.40E+07	1.97E+07	4.83E-01	
1_200795_T_C	5.32E-01	1.09E-05	8.47E-06	-9.40E+07	1.97E+07	4.83E-01	
1_202521_C_T	5.32E-01	1.09E-05	8.47E-06	-9.40E+07	1.97E+07	4.83E-01	
1_203827_C_G	5.19E-01	8.68E-06	4.62E-06	-9.64E+07	1.95E+07	4.95E-01	
1_215256_G_A	5.32E-01	1.09E-05	8.47E-06	-9.40E+07	1.97E+07	4.83E-01	
1_218131_C_G	5.32E-01	1.09E-05	8.47E-06	-9.40E+07	1.97E+07	4.83E-01	
1_224264_A_G	5.32E-01	1.09E-05	8.47E-06	-9.40E+07	1.97E+07	4.83E-01	
1_233116_G_A	5.32E-01	1.09E-05	8.47E-06	-9.40E+07	1.97E+07	4.83E-01	
1_237807_T_C	5.32E-01	1.09E-05	8.47E-06	-9.40E+07	1.97E+07	4.83E-01	
1_239580_T_C	5.06E-01	3.01E-05	1.03E-05	-9.16E+07	1.94E+07	4.79E-01	
1_240615_A_G	5.19E-01	1.49E-05	1.19E-05	-9.26E+07	1.97E+07	4.76E-01	
1_240616_A_G	5.32E-01	1.09E-05	8.47E-06	-9.40E+07	1.97E+07	4.83E-01	
1_245541_T_G	5.32E-01	1.09E-05	8.47E-06	-9.40E+07	1.97E+07	4.83E-01	
1_252193_A_G	5.32E-01	1.09E-05	8.47E-06	-9.40E+07	1.97E+07	4.83E-01	
1_256943_C_T	5.32E-01	1.09E-05	8.47E-06	-9.40E+07	1.97E+07	4.83E-01	
1_261177_G_A	5.32E-01	1.09E-05	8.47E-06	-9.40E+07	1.97E+07	4.83E-01	
1_264903_T_C	5.32E-01	1.09E-05	8.47E-06	-9.40E+07	1.97E+07	4.83E-01	
1_274836_T_G	5.32E-01	1.09E-05	8.47E-06	-9.40E+07	1.97E+07	4.83E-01	
1_280692_T_C	5.32E-01	1.09E-05	8.47E-06	-9.40E+07	1.97E+07	4.83E-01	
1_285064_T_C	5.32E-01	1.09E-05	8.47E-06	-9.40E+07	1.97E+07	4.83E-01	
1_289458_G_A	5.32E-01	1.09E-05	8.47E-06	-9.40E+07	1.97E+07	4.83E-01	
1_300207_G_C	5.32E-01	1.09E-05	8.47E-06	-9.40E+07	1.97E+07	4.83E-01	
1_308766_T_G	5.32E-01	1.09E-05	8.47E-06	-9.40E+07	1.97E+07	4.83E-01	
1_332927_G_C	5.44E-01	1.79E-05	1.94E-05	-9.08E+07	1.99E+07	4.66E-01	
1_333888_G_C	5.32E-01	1.09E-05	8.47E-06	-9.40E+07	1.97E+07	4.83E-01	
1_343367_A_G	5.32E-01	1.09E-05	8.47E-06	-9.40E+07	1.97E+07	4.83E-01	
1_352307_T_C	5.32E-01	1.09E-05	8.47E-06	-9.40E+07	1.97E+07	4.83E-01	
1_353125_A_G	5.32E-01	1.09E-05	8.47E-06	-9.40E+07	1.97E+07	4.83E-01	
1_371149_C_T	5.32E-01	1.09E-05	8.47E-06	-9.40E+07	1.97E+07	4.83E-01	
1_371156_C_T	5.32E-01	1.09E-05	8.47E-06	-9.40E+07	1.97E+07	4.83E-01	
1_371209_T_C	5.32E-01	1.09E-05	8.47E-06	-9.40E+07	1.97E+07	4.83E-01	
1_371210_T_G	5.32E-01	1.09E-05	8.47E-06	-9.40E+07	1.97E+07	4.83E-01	
1_371249_A_G	5.32E-01	1.09E-05	8.47E-06	-9.40E+07	1.97E+07	4.83E-01	
1_371257_T_C	5.32E-01	1.09E-05	8.47E-06	-9.40E+07	1.97E+07	4.83E-01	
1_371320_A_T	5.32E-01	1.09E-05	8.47E-06	-9.40E+07	1.97E+07	4.83E-01	
1_371378_A_G	5.32E-01	1.09E-05	8.47E-06	-9.40E+07	1.97E+07	4.83E-01	
1_371432_A_C	5.06E-01	2.56E-05	9.00E-06	-9.30E+07	1.95E+07	4.82E-01	
1_371462_T_C	5.32E-01	1.09E-05	8.47E-06	-9.40E+07	1.97E+07	4.83E-01	
1_371477_T_G	5.32E-01	1.09E-05	8.47E-06	-9.40E+07	1.97E+07	4.83E-01	
1_371536_G_A	5.32E-01	1.09E-05	8.47E-06	-9.40E+07	1.97E+07	4.83E-01	
1_371560_A_G	5.32E-01	1.09E-05	8.47E-06	-9.40E+07	1.97E+07	4.83E-01	
1_371580_T_C	5.32E-01	1.09E-05	8.47E-06	-9.40E+07	1.97E+07	4.83E-01	
1_371582_G_A	5.32E-01	1.09E-05	8.47E-06	-9.40E+07	1.97E+07	4.83E-01	
1_371686_T_C	5.06E-01	2.56E-05	9.00E-06	-9.30E+07	1.95E+07	4.82E-01	
1_371689_A_C	5.06E-01	2.56E-05	9.00E-06	-9.30E+07	1.95E+07	4.82E-01	
1_371743_A_G	5.32E-01	1.09E-05	8.47E-06	-9.40E+07	1.97E+07	4.83E-01	
1_372397_G_C	5.32E-01	1.09E-05	8.47E-06	-9.40E+07	1.97E+07	4.83E-01	
1_372481_C_T	5.32E-01	1.09E-05	8.47E-06	-9.40E+07	1.97E+07	4.83E-01	
1_372490_G_C	5.06E-01	2.56E-05	9.00E-06	-9.30E+07	1.95E+07	4.82E-01	
1_372493_C_T	5.06E-01	2.56E-05	9.00E-06	-9.30E+07	1.95E+07	4.82E-01	
1_372691_A_G	5.32E-01	1.09E-05	8.47E-06	-9.40E+07	1.97E+07	4.83E-01	
1_373202_G_A	5.32E-01	1.09E-05	8.47E-06	-9.40E+07	1.97E+07	4.83E-01	
1_373269_T_C	5.32E-01	1.09E-05	8.47E-06	-9.40E+07	1.97E+07	4.83E-01	
1_373401_T_C	5.32E-01	1.09E-05	8.47E-06	-9.40E+07	1.97E+07	4.83E-01	
1_374611_C_T	5.32E-01	1.09E-05	8.47E-06	-9.40E+07	1.97E+07	4.83E-01	
1_374635_C_T	5.32E-01	1.09E-05	8.47E-06	-9.40E+07	1.97E+07	4.83E-01	
1_374851_T_C	5.32E-01	1.09E-05	8.47E-06	-9.40E+07	1.97E+07	4.83E-01	
1_375280_G_A	5.32E-01	1.09E-05	8.47E-06	-9.40E+07	1.97E+07	4.83E-01	
1_375298_A_G	5.32E-01	1.09E-05	8.47E-06	-9.40E+07	1.97E+07	4.83E-01	
1_375611_C_G	5.32E-01	1.09E-05	8.47E-06	-9.40E+07	1.97E+07	4.83E-01	
1_375880_T_C	5.32E-01	1.09E-05	8.47E-06	-9.40E+07	1.97E+07	4.83E-01	
1_375942_T_G	5.32E-01	1.09E-05	8.47E-06	-9.40E+07	1.97E+07	4.83E-01	
1_376117_A_G	5.32E-01	1.09E-05	8.47E-06	-9.40E+07	1.97E+07	4.83E-01	
1_376486_A_G	5.06E-01	2.56E-05	9.00E-06	-9.30E+07	1.95E+07	4.82E-01	
1_376489_A_G	5.06E-01	2.56E-05	9.00E-06	-9.30E+07	1.95E+07	4.82E-01	
1_376500_T_C	5.06E-01	2.56E-05	9.00E-06	-9.30E+07	1.95E+07	4.82E-01	
1_376507_G_A	5.06E-01	2.56E-05	9.00E-06	-9.30E+07	1.95E+07	4.82E-01	
1_376519_G_A	5.06E-01	2.56E-05	9.00E-06	-9.30E+07	1.95E+07	4.82E-01	
1_376524_T_C	4.68E-01	2.99E-04	2.18E-05	-8.93E+07	1.97E+07	4.64E-01	
1_376526_C_T	4.68E-01	2.99E-04	2.18E-05	-8.93E+07	1.97E+07	4.64E-01	
1_376678_G_*	5.32E-01	1.09E-05	8.47E-06	-9.40E+07	1.97E+07	4.83E-01	
1_376702_C_*	5.32E-01	1.09E-05	8.47E-06	-9.40E+07	1.97E+07	4.83E-01	
1_376715_A_*	5.32E-01	1.09E-05	8.47E-06	-9.40E+07	1.97E+07	4.83E-01	
1_376772_A_*	5.32E-01	1.09E-05	8.47E-06	-9.40E+07	1.97E+07	4.83E-01	
1_376791_A_*	5.32E-01	1.09E-05	8.47E-06	-9.40E+07	1.97E+07	4.83E-01	
1_376884_C_T	5.06E-01	2.56E-05	9.00E-06	-9.30E+07	1.95E+07	4.82E-01	
1_376900_T_C	5.06E-01	2.56E-05	9.00E-06	-9.30E+07	1.95E+07	4.82E-01	
1_376911_C_T	5.06E-01	2.56E-05	9.00E-06	-9.30E+07	1.95E+07	4.82E-01	
1_376912_G_A	5.06E-01	2.56E-05	9.00E-06	-9.30E+07	1.95E+07	4.82E-01	
1_376915_G_A	5.06E-01	2.56E-05	9.00E-06	-9.30E+07	1.95E+07	4.82E-01	
1_376921_T_G	5.06E-01	2.56E-05	9.00E-06	-9.30E+07	1.95E+07	4.82E-01	
1_376968_C_T	5.06E-01	2.56E-05	9.00E-06	-9.30E+07	1.95E+07	4.82E-01	
1_376979_C_G	5.06E-01	2.56E-05	9.00E-06	-9.30E+07	1.95E+07	4.82E-01	
1_377050_A_G	5.06E-01	2.56E-05	9.00E-06	-9.30E+07	1.95E+07	4.82E-01	
1_377650_T_C	5.06E-01	2.56E-05	9.00E-06	-9.30E+07	1.95E+07	4.82E-01	
1_377662_C_T	5.06E-01	2.56E-05	9.00E-06	-9.30E+07	1.95E+07	4.82E-01	
1_377716_C_T	5.06E-01	2.56E-05	9.00E-06	-9.30E+07	1.95E+07	4.82E-01	
1_379086_C_G	5.32E-01	1.09E-05	8.47E-06	-9.40E+07	1.97E+07	4.83E-01	
1_379249_G_A	5.32E-01	1.09E-05	8.47E-06	-9.40E+07	1.97E+07	4.83E-01	
1_379369_T_C	5.32E-01	1.09E-05	8.47E-06	-9.40E+07	1.97E+07	4.83E-01	
1_379541_A_G	5.32E-01	1.09E-05	8.47E-06	-9.40E+07	1.97E+07	4.83E-01	
1_379562_T_C	5.32E-01	1.09E-05	8.47E-06	-9.40E+07	1.97E+07	4.83E-01	
1_379665_G_T	5.32E-01	1.09E-05	8.47E-06	-9.40E+07	1.97E+07	4.83E-01	
1_379692_T_C	5.32E-01	1.09E-05	8.47E-06	-9.40E+07	1.97E+07	4.83E-01	
1_380109_G_T	5.32E-01	1.09E-05	8.47E-06	-9.40E+07	1.97E+07	4.83E-01	
1_380707_T_C	5.06E-01	2.56E-05	9.00E-06	-9.30E+07	1.95E+07	4.82E-01	
1_380759_A_G	5.32E-01	1.09E-05	8.47E-06	-9.40E+07	1.97E+07	4.83E-01	
1_380823_T_C	5.32E-01	1.09E-05	8.47E-06	-9.40E+07	1.97E+07	4.83E-01	
1_380915_G_A	5.06E-01	2.56E-05	9.00E-06	-9.30E+07	1.95E+07	4.82E-01	
1_381457_T_C	5.06E-01	2.56E-05	9.00E-06	-9.30E+07	1.95E+07	4.82E-01	
1_381730_C_T	5.32E-01	1.09E-05	8.47E-06	-9.40E+07	1.97E+07	4.83E-01	
1_381857_T_C	5.32E-01	1.09E-05	8.47E-06	-9.40E+07	1.97E+07	4.83E-01	
1_381927_T_C	5.06E-01	2.56E-05	9.00E-06	-9.30E+07	1.95E+07	4.82E-01	
1_382017_T_C	5.32E-01	1.09E-05	8.47E-06	-9.40E+07	1.97E+07	4.83E-01	
1_382038_A_G	5.06E-01	2.56E-05	9.00E-06	-9.30E+07	1.95E+07	4.82E-01	
1_382864_T_C	5.32E-01	1.09E-05	8.47E-06	-9.40E+07	1.97E+07	4.83E-01	
1_383034_T_C	5.32E-01	1.09E-05	8.47E-06	-9.40E+07	1.97E+07	4.83E-01	
1_383112_T_C	5.32E-01	1.09E-05	8.47E-06	-9.40E+07	1.97E+07	4.83E-01	
1_383380_T_C	5.32E-01	1.09E-05	8.47E-06	-9.40E+07	1.97E+07	4.83E-01	
1_384344_C_T	5.32E-01	1.09E-05	8.47E-06	-9.40E+07	1.97E+07	4.83E-01	
1_384650_T_C	5.32E-01	1.09E-05	8.47E-06	-9.40E+07	1.97E+07	4.83E-01	
1_384695_T_C	5.06E-01	2.56E-05	9.00E-06	-9.30E+07	1.95E+07	4.82E-01	
1_407749_T_C	5.32E-01	1.09E-05	8.47E-06	-9.40E+07	1.97E+07	4.83E-01	
1_411840_G_A	4.94E-01	2.10E-05	4.62E-06	-9.59E+07	1.94E+07	4.95E-01	
1_432531_C_T	5.19E-01	8.68E-06	4.62E-06	-9.64E+07	1.95E+07	4.95E-01	
1_440935_C_T	5.32E-01	1.09E-05	8.47E-06	-9.40E+07	1.97E+07	4.83E-01	
1_483936_G_T	5.32E-01	1.09E-05	8.47E-06	-9.40E+07	1.97E+07	4.83E-01	
1_486726_T_C	5.32E-01	1.09E-05	8.47E-06	-9.40E+07	1.97E+07	4.83E-01	
1_492703_G_A	5.19E-01	8.68E-06	4.62E-06	-9.64E+07	1.95E+07	4.95E-01	
1_498038_C_T	5.44E-01	3.15E-05	2.82E-05	-8.93E+07	2.00E+07	4.58E-01	
1_523397_G_A	5.32E-01	2.56E-05	1.61E-05	-9.17E+07	1.99E+07	4.70E-01	
1_525522_C_G	5.44E-01	3.15E-05	2.82E-05	-8.93E+07	2.00E+07	4.58E-01	
1_553056_G_C	5.44E-01	3.15E-05	2.82E-05	-8.93E+07	2.00E+07	4.58E-01	
1_554507_A_G	5.32E-01	2.56E-05	1.61E-05	-9.17E+07	1.99E+07	4.70E-01	
1_563721_A_G	5.32E-01	2.56E-05	1.61E-05	-9.17E+07	1.99E+07	4.70E-01	
1_575059_G_C	5.82E-01	5.77E-05	2.85E-05	-8.97E+07	2.01E+07	4.58E-01	
1_615355_G_C	5.44E-01	3.15E-05	2.82E-05	-8.93E+07	2.00E+07	4.58E-01	
1_631904_G_A	5.44E-01	3.15E-05	2.82E-05	-8.93E+07	2.00E+07	4.58E-01	
1_672768_A_G	5.44E-01	3.15E-05	2.82E-05	-8.93E+07	2.00E+07	4.58E-01	
1_804074_C_T	5.44E-01	3.15E-05	2.82E-05	-8.93E+07	2.00E+07	4.58E-01	
1_812794_G_A	5.44E-01	3.15E-05	2.82E-05	-8.93E+07	2.00E+07	4.58E-01	
1_854959_C_T	5.44E-01	3.15E-05	2.82E-05	-8.93E+07	2.00E+07	4.58E-01	
1_941140_C_G	5.32E-01	2.56E-05	1.61E-05	-9.17E+07	1.99E+07	4.70E-01	
1_942034_C_T	5.32E-01	2.56E-05	1.61E-05	-9.17E+07	1.99E+07	4.70E-01	
1_945755_A_G	5.32E-01	2.56E-05	1.61E-05	-9.17E+07	1.99E+07	4.70E-01	
1_946189_A_G	5.32E-01	2.56E-05	1.61E-05	-9.17E+07	1.99E+07	4.70E-01	
1_947816_T_C	5.32E-01	2.56E-05	1.61E-05	-9.17E+07	1.99E+07	4.70E-01	
1_947923_T_G	5.32E-01	2.56E-05	1.61E-05	-9.17E+07	1.99E+07	4.70E-01	
1_947966_A_G	5.19E-01	2.83E-05	1.21E-05	-9.31E+07	1.99E+07	4.76E-01	
1_948491_G_A	5.32E-01	2.56E-05	1.61E-05	-9.17E+07	1.99E+07	4.70E-01	
1_948853_C_T	5.32E-01	2.56E-05	1.61E-05	-9.17E+07	1.99E+07	4.70E-01	
1_950737_T_C	5.32E-01	2.56E-05	1.61E-05	-9.17E+07	1.99E+07	4.70E-01	
1_951276_A_G	5.32E-01	2.56E-05	1.61E-05	-9.17E+07	1.99E+07	4.70E-01	
1_951397_C_T	5.32E-01	2.56E-05	1.61E-05	-9.17E+07	1.99E+07	4.70E-01	
1_954795_T_C	5.32E-01	2.56E-05	1.61E-05	-9.17E+07	1.99E+07	4.70E-01	
1_955549_A_G	5.32E-01	2.56E-05	1.61E-05	-9.17E+07	1.99E+07	4.70E-01	
1_955967_G_A	5.32E-01	2.56E-05	1.61E-05	-9.17E+07	1.99E+07	4.70E-01	
1_956176_G_A	5.32E-01	2.56E-05	1.61E-05	-9.17E+07	1.99E+07	4.70E-01	
1_969902_G_A	5.32E-01	2.56E-05	1.61E-05	-9.17E+07	1.99E+07	4.70E-01	
1_970655_A_T	5.32E-01	2.56E-05	1.61E-05	-9.17E+07	1.99E+07	4.70E-01	
1_975423_A_G	5.32E-01	2.56E-05	1.61E-05	-9.17E+07	1.99E+07	4.70E-01	
1_996638_G_A	5.32E-01	2.56E-05	1.61E-05	-9.17E+07	1.99E+07	4.70E-01	
1_997349_G_T	5.32E-01	2.56E-05	1.61E-05	-9.17E+07	1.99E+07	4.70E-01	
1_997423_T_C	5.32E-01	2.56E-05	1.61E-05	-9.17E+07	1.99E+07	4.70E-01	
1_1002654_T_C	5.32E-01	2.56E-05	1.61E-05	-9.17E+07	1.99E+07	4.70E-01	
1_1014056_C_T	5.32E-01	2.56E-05	1.61E-05	-9.17E+07	1.99E+07	4.70E-01	
1_1014417_T_C	5.32E-01	2.56E-05	1.61E-05	-9.17E+07	1.99E+07	4.70E-01	
1_1028210_A_G	5.32E-01	2.56E-05	1.61E-05	-9.17E+07	1.99E+07	4.70E-01	
1_1034379_C_T	5.44E-01	3.15E-05	2.82E-05	-8.93E+07	2.00E+07	4.58E-01	
1_1038758_G_C	5.44E-01	3.15E-05	2.82E-05	-8.93E+07	2.00E+07	4.58E-01	
1_1040316_A_G	5.32E-01	2.56E-05	1.61E-05	-9.17E+07	1.99E+07	4.70E-01	
1_1040991_T_C	5.32E-01	2.56E-05	1.61E-05	-9.17E+07	1.99E+07	4.70E-01	
1_1041029_A_G	5.32E-01	2.56E-05	1.61E-05	-9.17E+07	1.99E+07	4.70E-01	
1_1041150_A_G	5.32E-01	2.56E-05	1.61E-05	-9.17E+07	1.99E+07	4.70E-01	
1_1043350_G_A	5.19E-01	2.26E-05	9.32E-06	-9.42E+07	1.98E+07	4.81E-01	
1_1043870_G_A	5.44E-01	3.15E-05	2.82E-05	-8.93E+07	2.00E+07	4.58E-01	
1_1044057_A_G	5.32E-01	2.56E-05	1.61E-05	-9.17E+07	1.99E+07	4.70E-01	
1_1044893_T_C	5.32E-01	2.56E-05	1.61E-05	-9.17E+07	1.99E+07	4.70E-01	
1_1045558_A_G	5.32E-01	2.56E-05	1.61E-05	-9.17E+07	1.99E+07	4.70E-01	
1_1046287_T_C	5.32E-01	2.56E-05	1.61E-05	-9.17E+07	1.99E+07	4.70E-01	
1_1046423_T_C	5.32E-01	2.56E-05	1.61E-05	-9.17E+07	1.99E+07	4.70E-01	
1_1049190_T_C	5.32E-01	2.56E-05	1.61E-05	-9.17E+07	1.99E+07	4.70E-01	
1_1050967_T_C	5.32E-01	2.56E-05	1.61E-05	-9.17E+07	1.99E+07	4.70E-01	
1_1051065_G_A	5.32E-01	2.56E-05	1.61E-05	-9.17E+07	1.99E+07	4.70E-01	
1_1051200_C_G	5.32E-01	2.56E-05	1.61E-05	-9.17E+07	1.99E+07	4.70E-01	
1_1051214_C_A	5.32E-01	2.56E-05	1.61E-05	-9.17E+07	1.99E+07	4.70E-01	
1_1051225_G_T	5.32E-01	2.56E-05	1.61E-05	-9.17E+07	1.99E+07	4.70E-01	
1_1051700_G_A	5.32E-01	2.56E-05	1.61E-05	-9.17E+07	1.99E+07	4.70E-01	
1_1052073_T_C	5.32E-01	2.56E-05	1.61E-05	-9.17E+07	1.99E+07	4.70E-01	
1_1052112_T_C	5.32E-01	2.56E-05	1.61E-05	-9.17E+07	1.99E+07	4.70E-01	
1_1052419_A_G	5.32E-01	2.56E-05	1.61E-05	-9.17E+07	1.99E+07	4.70E-01	
1_1052521_T_C	5.32E-01	2.56E-05	1.61E-05	-9.17E+07	1.99E+07	4.70E-01	
1_1052770_A_G	5.32E-01	2.56E-05	1.61E-05	-9.17E+07	1.99E+07	4.70E-01	
1_1058723_C_T	5.32E-01	2.56E-05	1.61E-05	-9.17E+07	1.99E+07	4.70E-01	
1_1060228_G_A	5.32E-01	2.56E-05	1.61E-05	-9.17E+07	1.99E+07	4.70E-01	
1_1060314_A_G	5.32E-01	2.56E-05	1.61E-05	-9.17E+07	1.99E+07	4.70E-01	
1_1060749_T_G	5.32E-01	2.56E-05	1.61E-05	-9.17E+07	1.99E+07	4.70E-01	
1_1061210_G_C	5.32E-01	2.56E-05	1.61E-05	-9.17E+07	1.99E+07	4.70E-01	
1_1062297_A_G	5.32E-01	2.56E-05	1.61E-05	-9.17E+07	1.99E+07	4.70E-01	
1_1062374_A_G	5.32E-01	2.56E-05	1.61E-05	-9.17E+07	1.99E+07	4.70E-01	
1_1063670_G_C	5.32E-01	2.56E-05	1.61E-05	-9.17E+07	1.99E+07	4.70E-01	
1_1063857_A_G	5.32E-01	2.56E-05	1.61E-05	-9.17E+07	1.99E+07	4.70E-01	
1_1064935_C_A	5.32E-01	2.56E-05	1.61E-05	-9.17E+07	1.99E+07	4.70E-01	
1_1065055_C_A	5.32E-01	2.56E-05	1.61E-05	-9.17E+07	1.99E+07	4.70E-01	
1_1065290_G_A	5.32E-01	2.56E-05	1.61E-05	-9.17E+07	1.99E+07	4.70E-01	
1_1066562_A_G	5.32E-01	2.56E-05	1.61E-05	-9.17E+07	1.99E+07	4.70E-01	
1_1067523_C_G	5.32E-01	2.56E-05	1.61E-05	-9.17E+07	1.99E+07	4.70E-01	
1_1067919_A_G	5.32E-01	2.56E-05	1.61E-05	-9.17E+07	1.99E+07	4.70E-01	
1_1068557_T_C	5.06E-01	5.91E-05	1.60E-05	-9.13E+07	1.98E+07	4.70E-01	
1_1069779_G_C	5.32E-01	2.56E-05	1.61E-05	-9.17E+07	1.99E+07	4.70E-01	
1_1074589_G_A	5.32E-01	2.56E-05	1.61E-05	-9.17E+07	1.99E+07	4.70E-01	
1_1075285_G_C	5.32E-01	2.56E-05	1.61E-05	-9.17E+07	1.99E+07	4.70E-01	
1_1077346_T_C	5.06E-01	5.91E-05	1.60E-05	-9.13E+07	1.98E+07	4.70E-01	
1_1078149_A_G	5.32E-01	2.56E-05	1.61E-05	-9.17E+07	1.99E+07	4.70E-01	
1_1078435_T_C	5.32E-01	2.56E-05	1.61E-05	-9.17E+07	1.99E+07	4.70E-01	
1_1078856_G_T	5.06E-01	5.91E-05	1.60E-05	-9.13E+07	1.98E+07	4.70E-01	
1_1079658_C_T	5.06E-01	5.91E-05	1.60E-05	-9.13E+07	1.98E+07	4.70E-01	
1_1079760_T_C	5.06E-01	5.91E-05	1.60E-05	-9.13E+07	1.98E+07	4.70E-01	
1_1079761_C_T	5.06E-01	5.91E-05	1.60E-05	-9.13E+07	1.98E+07	4.70E-01	
1_1079775_G_A	5.06E-01	5.91E-05	1.60E-05	-9.13E+07	1.98E+07	4.70E-01	
1_1079776_T_G	5.32E-01	2.56E-05	1.61E-05	-9.17E+07	1.99E+07	4.70E-01	
1_1079781_T_A	5.06E-01	5.91E-05	1.60E-05	-9.13E+07	1.98E+07	4.70E-01	
1_1079841_C_T	5.06E-01	5.91E-05	1.60E-05	-9.13E+07	1.98E+07	4.70E-01	
1_1079847_C_G	5.32E-01	2.56E-05	1.61E-05	-9.17E+07	1.99E+07	4.70E-01	
1_1079925_A_G	5.32E-01	2.56E-05	1.61E-05	-9.17E+07	1.99E+07	4.70E-01	
1_1079958_C_T	5.06E-01	5.91E-05	1.60E-05	-9.13E+07	1.98E+07	4.70E-01	
1_1079961_T_C	5.32E-01	2.56E-05	1.61E-05	-9.17E+07	1.99E+07	4.70E-01	
1_1079975_A_G	5.06E-01	5.91E-05	1.60E-05	-9.13E+07	1.98E+07	4.70E-01	
1_1079976_C_T	5.06E-01	5.91E-05	1.60E-05	-9.13E+07	1.98E+07	4.70E-01	
1_1079979_T_C	5.06E-01	5.91E-05	1.60E-05	-9.13E+07	1.98E+07	4.70E-01	
1_1080007_A_C	5.32E-01	2.56E-05	1.61E-05	-9.17E+07	1.99E+07	4.70E-01	
1_1080022_G_A	5.32E-01	2.56E-05	1.61E-05	-9.17E+07	1.99E+07	4.70E-01	
1_1080066_G_A	5.06E-01	5.91E-05	1.60E-05	-9.13E+07	1.98E+07	4.70E-01	
1_1080122_A_G	5.32E-01	2.56E-05	1.61E-05	-9.17E+07	1.99E+07	4.70E-01	
1_1080168_T_C	5.32E-01	2.56E-05	1.61E-05	-9.17E+07	1.99E+07	4.70E-01	
1_1080232_T_C	5.32E-01	2.56E-05	1.61E-05	-9.17E+07	1.99E+07	4.70E-01	
1_1080234_C_T	5.32E-01	2.56E-05	1.61E-05	-9.17E+07	1.99E+07	4.70E-01	
1_1080342_G_A	5.06E-01	5.91E-05	1.60E-05	-9.13E+07	1.98E+07	4.70E-01	
1_1080374_T_C	5.32E-01	2.56E-05	1.61E-05	-9.17E+07	1.99E+07	4.70E-01	
1_1080399_C_T	5.32E-01	2.56E-05	1.61E-05	-9.17E+07	1.99E+07	4.70E-01	
1_1080436_A_G	5.32E-01	2.56E-05	1.61E-05	-9.17E+07	1.99E+07	4.70E-01	
1_1081551_A_G	5.32E-01	2.56E-05	1.61E-05	-9.17E+07	1.99E+07	4.70E-01	
1_1081922_T_C	5.32E-01	2.56E-05	1.61E-05	-9.17E+07	1.99E+07	4.70E-01	
1_1082240_G_A	5.06E-01	5.91E-05	1.60E-05	-9.13E+07	1.98E+07	4.70E-01	
1_1082252_C_T	5.32E-01	2.56E-05	1.61E-05	-9.17E+07	1.99E+07	4.70E-01	
1_1083268_C_T	5.32E-01	2.56E-05	1.61E-05	-9.17E+07	1.99E+07	4.70E-01	
1_1084118_A_G	5.32E-01	2.56E-05	1.61E-05	-9.17E+07	1.99E+07	4.70E-01	
1_1085322_A_C	5.32E-01	2.56E-05	1.61E-05	-9.17E+07	1.99E+07	4.70E-01	
1_1087453_A_G	5.06E-01	5.91E-05	1.60E-05	-9.13E+07	1.98E+07	4.70E-01	
1_1087499_A_G	5.06E-01	5.91E-05	1.60E-05	-9.13E+07	1.98E+07	4.70E-01	
1_1089350_T_C	5.32E-01	2.56E-05	1.61E-05	-9.17E+07	1.99E+07	4.70E-01	
1_1089727_T_C	5.32E-01	2.56E-05	1.61E-05	-9.17E+07	1.99E+07	4.70E-01	
1_1089728_T_C	5.32E-01	2.56E-05	1.61E-05	-9.17E+07	1.99E+07	4.70E-01	
1_1089773_A_G	5.32E-01	2.56E-05	1.61E-05	-9.17E+07	1.99E+07	4.70E-01	
1_1090193_T_C	5.32E-01	2.56E-05	1.61E-05	-9.17E+07	1.99E+07	4.70E-01	
1_1091081_C_G	5.44E-01	3.15E-05	2.82E-05	-8.93E+07	2.00E+07	4.58E-01	
1_1091314_C_G	5.32E-01	2.56E-05	1.61E-05	-9.17E+07	1.99E+07	4.70E-01	
1_1091382_A_G	5.32E-01	2.56E-05	1.61E-05	-9.17E+07	1.99E+07	4.70E-01	
1_1091526_A_G	5.32E-01	2.56E-05	1.61E-05	-9.17E+07	1.99E+07	4.70E-01	
1_1092087_A_G	5.32E-01	2.56E-05	1.61E-05	-9.17E+07	1.99E+07	4.70E-01	
1_1094050_A_G	5.32E-01	2.56E-05	1.61E-05	-9.17E+07	1.99E+07	4.70E-01	
1_1097861_T_G	5.32E-01	2.56E-05	1.61E-05	-9.17E+07	1.99E+07	4.70E-01	
1_1101820_C_G	5.32E-01	2.56E-05	1.61E-05	-9.17E+07	1.99E+07	4.70E-01	
1_1108053_T_C	5.32E-01	2.56E-05	1.61E-05	-9.17E+07	1.99E+07	4.70E-01	
1_1137629_A_G	5.44E-01	3.15E-05	2.82E-05	-8.93E+07	2.00E+07	4.58E-01	
1_1138469_A_G	5.32E-01	2.56E-05	1.61E-05	-9.17E+07	1.99E+07	4.70E-01	
1_1151920_T_C	5.44E-01	3.15E-05	2.82E-05	-8.93E+07	2.00E+07	4.58E-01	
1_1155794_G_C	5.32E-01	2.56E-05	1.61E-05	-9.17E+07	1.99E+07	4.70E-01	
1_1160725_A_G	5.32E-01	2.56E-05	1.61E-05	-9.17E+07	1.99E+07	4.70E-01	
1_1175167_T_C	5.32E-01	2.56E-05	1.61E-05	-9.17E+07	1.99E+07	4.70E-01	
1_1177830_G_A	5.44E-01	3.15E-05	2.82E-05	-8.93E+07	2.00E+07	4.58E-01	
1_1180420_A_G	5.32E-01	2.56E-05	1.61E-05	-9.17E+07	1.99E+07	4.70E-01	
1_1180495_C_T	5.32E-01	2.56E-05	1.61E-05	-9.17E+07	1.99E+07	4.70E-01	
1_1183925_C_T	5.32E-01	2.56E-05	1.61E-05	-9.17E+07	1.99E+07	4.70E-01	
1_1184204_A_G	5.32E-01	2.56E-05	1.61E-05	-9.17E+07	1.99E+07	4.70E-01	
1_1184320_A_C	5.32E-01	2.56E-05	1.61E-05	-9.17E+07	1.99E+07	4.70E-01	
1_1184843_C_G	5.32E-01	2.56E-05	1.61E-05	-9.17E+07	1.99E+07	4.70E-01	
1_1185045_C_T	5.32E-01	2.56E-05	1.61E-05	-9.17E+07	1.99E+07	4.70E-01	
1_1186964_T_C	5.32E-01	2.56E-05	1.61E-05	-9.17E+07	1.99E+07	4.70E-01	
1_1191860_A_G	5.32E-01	2.56E-05	1.61E-05	-9.17E+07	1.99E+07	4.70E-01	
1_1192107_G_A	5.32E-01	2.56E-05	1.61E-05	-9.17E+07	1.99E+07	4.70E-01	
1_1208943_A_G	5.32E-01	2.56E-05	1.61E-05	-9.17E+07	1.99E+07	4.70E-01	
1_1215402_T_C	5.32E-01	2.56E-05	1.61E-05	-9.17E+07	1.99E+07	4.70E-01	
1_1218161_G_C	5.32E-01	2.56E-05	1.61E-05	-9.17E+07	1.99E+07	4.70E-01	
1_1226946_G_A	5.44E-01	3.15E-05	2.82E-05	-8.93E+07	2.00E+07	4.58E-01	
1_1232836_T_C	5.32E-01	2.56E-05	1.61E-05	-9.17E+07	1.99E+07	4.70E-01	
1_1233705_A_G	5.32E-01	2.56E-05	1.61E-05	-9.17E+07	1.99E+07	4.70E-01	
1_1240317_T_C	5.32E-01	2.56E-05	1.61E-05	-9.17E+07	1.99E+07	4.70E-01	
1_1240775_G_T	5.32E-01	2.56E-05	1.61E-05	-9.17E+07	1.99E+07	4.70E-01	
1_1241653_T_C	5.32E-01	2.56E-05	1.61E-05	-9.17E+07	1.99E+07	4.70E-01	
1_1242367_A_G	5.32E-01	2.56E-05	1.61E-05	-9.17E+07	1.99E+07	4.70E-01	
1_1243577_A_G	5.32E-01	2.56E-05	1.61E-05	-9.17E+07	1.99E+07	4.70E-01	
1_1243588_T_G	5.32E-01	2.56E-05	1.61E-05	-9.17E+07	1.99E+07	4.70E-01	
1_1243972_C_T	5.32E-01	2.56E-05	1.61E-05	-9.17E+07	1.99E+07	4.70E-01	
1_1244362_A_G	5.32E-01	2.56E-05	1.61E-05	-9.17E+07	1.99E+07	4.70E-01	
1_1244407_A_G	5.32E-01	2.56E-05	1.61E-05	-9.17E+07	1.99E+07	4.70E-01	
1_1244880_T_C	5.06E-01	5.91E-05	1.60E-05	-9.13E+07	1.98E+07	4.70E-01	
1_1244898_A_G	5.32E-01	2.56E-05	1.61E-05	-9.17E+07	1.99E+07	4.70E-01	
1_1244913_A_G	5.32E-01	2.56E-05	1.61E-05	-9.17E+07	1.99E+07	4.70E-01	
1_1245220_A_C	5.32E-01	2.56E-05	1.61E-05	-9.17E+07	1.99E+07	4.70E-01	
1_1246326_T_C	5.32E-01	2.56E-05	1.61E-05	-9.17E+07	1.99E+07	4.70E-01	
1_1246327_T_C	5.32E-01	2.56E-05	1.61E-05	-9.17E+07	1.99E+07	4.70E-01	
1_1246929_G_T	5.32E-01	2.56E-05	1.61E-05	-9.17E+07	1.99E+07	4.70E-01	
1_1246941_T_C	5.32E-01	2.56E-05	1.61E-05	-9.17E+07	1.99E+07	4.70E-01	
1_1247199_G_C	5.06E-01	5.91E-05	1.60E-05	-9.13E+07	1.98E+07	4.70E-01	
1_1247210_T_C	5.32E-01	2.56E-05	1.61E-05	-9.17E+07	1.99E+07	4.70E-01	
1_1247211_G_C	5.32E-01	2.56E-05	1.61E-05	-9.17E+07	1.99E+07	4.70E-01	
1_1247424_C_G	5.32E-01	2.56E-05	1.61E-05	-9.17E+07	1.99E+07	4.70E-01	
1_1247733_A_G	5.06E-01	5.91E-05	1.60E-05	-9.13E+07	1.98E+07	4.70E-01	
1_1248795_T_G	5.32E-01	2.56E-05	1.61E-05	-9.17E+07	1.99E+07	4.70E-01	
1_1248807_A_G	4.43E-01	9.68E-04	2.44E-05	-9.06E+07	2.01E+07	4.61E-01	
1_1249287_C_T	5.06E-01	5.91E-05	1.60E-05	-9.13E+07	1.98E+07	4.70E-01	
1_1249315_T_G	5.32E-01	2.56E-05	1.61E-05	-9.17E+07	1.99E+07	4.70E-01	
1_1249546_G_A	5.06E-01	5.91E-05	1.60E-05	-9.13E+07	1.98E+07	4.70E-01	
1_1249669_T_C	5.32E-01	2.56E-05	1.61E-05	-9.17E+07	1.99E+07	4.70E-01	
1_1249723_C_T	5.32E-01	2.56E-05	1.61E-05	-9.17E+07	1.99E+07	4.70E-01	
1_1249818_A_G	5.32E-01	2.56E-05	1.61E-05	-9.17E+07	1.99E+07	4.70E-01	
1_1249934_G_A	5.32E-01	2.56E-05	1.61E-05	-9.17E+07	1.99E+07	4.70E-01	
1_1249980_T_C	5.06E-01	5.91E-05	1.60E-05	-9.13E+07	1.98E+07	4.70E-01	
1_1249987_A_G	5.32E-01	2.56E-05	1.61E-05	-9.17E+07	1.99E+07	4.70E-01	
1_1249993_C_G	5.06E-01	5.91E-05	1.60E-05	-9.13E+07	1.98E+07	4.70E-01	
1_1250119_G_C	5.32E-01	2.56E-05	1.61E-05	-9.17E+07	1.99E+07	4.70E-01	
1_1250197_G_A	5.06E-01	5.91E-05	1.60E-05	-9.13E+07	1.98E+07	4.70E-01	
1_1250263_T_C	5.32E-01	2.56E-05	1.61E-05	-9.17E+07	1.99E+07	4.70E-01	
1_1250269_C_T	5.06E-01	5.91E-05	1.60E-05	-9.13E+07	1.98E+07	4.70E-01	
1_1250383_A_G	5.32E-01	2.56E-05	1.61E-05	-9.17E+07	1.99E+07	4.70E-01	
1_1250419_T_C	5.06E-01	5.91E-05	1.60E-05	-9.13E+07	1.98E+07	4.70E-01	
1_1250476_G_A	5.32E-01	2.56E-05	1.61E-05	-9.17E+07	1.99E+07	4.70E-01	
1_1250527_G_C	5.32E-01	2.56E-05	1.61E-05	-9.17E+07	1.99E+07	4.70E-01	
1_1250533_T_C	5.06E-01	5.91E-05	1.60E-05	-9.13E+07	1.98E+07	4.70E-01	
1_1250605_C_T	5.06E-01	5.91E-05	1.60E-05	-9.13E+07	1.98E+07	4.70E-01	
1_1250644_A_G	5.32E-01	2.56E-05	1.61E-05	-9.17E+07	1.99E+07	4.70E-01	
1_1250883_A_G	5.32E-01	2.56E-05	1.61E-05	-9.17E+07	1.99E+07	4.70E-01	
1_1251037_C_T	5.32E-01	2.56E-05	1.61E-05	-9.17E+07	1.99E+07	4.70E-01	
1_1251130_A_G	5.32E-01	2.56E-05	1.61E-05	-9.17E+07	1.99E+07	4.70E-01	
1_1251174_A_G	5.32E-01	2.56E-05	1.61E-05	-9.17E+07	1.99E+07	4.70E-01	
1_1251199_G_A	5.06E-01	5.91E-05	1.60E-05	-9.13E+07	1.98E+07	4.70E-01	
1_1252501_C_T	5.32E-01	2.56E-05	1.61E-05	-9.17E+07	1.99E+07	4.70E-01	
1_1252512_C_T	5.32E-01	2.56E-05	1.61E-05	-9.17E+07	1.99E+07	4.70E-01	
1_1253439_T_C	5.32E-01	2.56E-05	1.61E-05	-9.17E+07	1.99E+07	4.70E-01	
1_1253733_A_T	5.32E-01	2.56E-05	1.61E-05	-9.17E+07	1.99E+07	4.70E-01	
1_1254176_G_A	5.32E-01	2.56E-05	1.61E-05	-9.17E+07	1.99E+07	4.70E-01	
1_1254631_A_G	5.32E-01	2.56E-05	1.61E-05	-9.17E+07	1.99E+07	4.70E-01	
1_1254765_G_A	5.32E-01	2.56E-05	1.61E-05	-9.17E+07	1.99E+07	4.70E-01	
1_1255921_T_C	5.32E-01	2.56E-05	1.61E-05	-9.17E+07	1.99E+07	4.70E-01	
1_1256629_C_T	5.32E-01	2.56E-05	1.61E-05	-9.17E+07	1.99E+07	4.70E-01	
1_1257238_A_G	5.32E-01	2.56E-05	1.61E-05	-9.17E+07	1.99E+07	4.70E-01	
1_1258314_A_G	5.32E-01	2.56E-05	1.61E-05	-9.17E+07	1.99E+07	4.70E-01	
1_1259466_T_C	5.32E-01	2.56E-05	1.61E-05	-9.17E+07	1.99E+07	4.70E-01	
1_1274559_G_C	5.44E-01	3.15E-05	2.82E-05	-8.93E+07	2.00E+07	4.58E-01	
1_1289678_A_G	5.32E-01	2.56E-05	1.61E-05	-9.17E+07	1.99E+07	4.70E-01	
1_1293013_T_C	5.32E-01	2.56E-05	1.61E-05	-9.17E+07	1.99E+07	4.70E-01	
1_1293557_A_G	5.32E-01	2.56E-05	1.61E-05	-9.17E+07	1.99E+07	4.70E-01	
1_1297750_A_G	5.32E-01	2.56E-05	1.61E-05	-9.17E+07	1.99E+07	4.70E-01	
1_1298063_C_T	5.32E-01	2.56E-05	1.61E-05	-9.17E+07	1.99E+07	4.70E-01	
1_1300740_T_C	5.32E-01	2.56E-05	1.61E-05	-9.17E+07	1.99E+07	4.70E-01	
1_1311687_A_G	5.32E-01	2.56E-05	1.61E-05	-9.17E+07	1.99E+07	4.70E-01	
1_1316077_C_A	5.32E-01	2.56E-05	1.61E-05	-9.17E+07	1.99E+07	4.70E-01	
1_1318652_T_G	5.32E-01	2.56E-05	1.61E-05	-9.17E+07	1.99E+07	4.70E-01	
1_1338739_A_G	5.32E-01	2.56E-05	1.61E-05	-9.17E+07	1.99E+07	4.70E-01	
1_1338991_A_G	5.32E-01	2.56E-05	1.61E-05	-9.17E+07	1.99E+07	4.70E-01	
1_1339054_C_T	5.32E-01	2.56E-05	1.61E-05	-9.17E+07	1.99E+07	4.70E-01	
1_1340289_T_C	5.32E-01	2.56E-05	1.61E-05	-9.17E+07	1.99E+07	4.70E-01	
1_1341226_G_A	5.32E-01	2.56E-05	1.61E-05	-9.17E+07	1.99E+07	4.70E-01	
1_1341384_C_G	5.32E-01	2.56E-05	1.61E-05	-9.17E+07	1.99E+07	4.70E-01	
1_1342801_G_T	5.32E-01	2.56E-05	1.61E-05	-9.17E+07	1.99E+07	4.70E-01	
1_1345993_G_A	5.32E-01	2.56E-05	1.61E-05	-9.17E+07	1.99E+07	4.70E-01	
1_1346811_A_T	5.06E-01	5.91E-05	1.60E-05	-9.13E+07	1.98E+07	4.70E-01	
1_1347135_C_T	5.32E-01	2.56E-05	1.61E-05	-9.17E+07	1.99E+07	4.70E-01	
1_1348351_T_G	5.32E-01	2.56E-05	1.61E-05	-9.17E+07	1.99E+07	4.70E-01	
1_1352357_G_A	5.32E-01	2.56E-05	1.61E-05	-9.17E+07	1.99E+07	4.70E-01	
1_1352401_T_C	5.32E-01	2.56E-05	1.61E-05	-9.17E+07	1.99E+07	4.70E-01	
1_1407553_G_T	5.44E-01	3.15E-05	2.82E-05	-8.93E+07	2.00E+07	4.58E-01	
1_1410126_T_C	5.32E-01	2.56E-05	1.61E-05	-9.17E+07	1.99E+07	4.70E-01	
1_1416444_T_C	5.44E-01	3.15E-05	2.82E-05	-8.93E+07	2.00E+07	4.58E-01	
1_1421574_A_T	5.32E-01	2.56E-05	1.61E-05	-9.17E+07	1.99E+07	4.70E-01	
1_1421890_A_G	5.32E-01	2.56E-05	1.61E-05	-9.17E+07	1.99E+07	4.70E-01	
1_1424258_A_G	5.32E-01	2.56E-05	1.61E-05	-9.17E+07	1.99E+07	4.70E-01	
1_1424921_C_T	5.32E-01	2.56E-05	1.61E-05	-9.17E+07	1.99E+07	4.70E-01	
1_1425648_T_G	5.32E-01	2.56E-05	1.61E-05	-9.17E+07	1.99E+07	4.70E-01	
1_1425728_A_G	5.32E-01	2.56E-05	1.61E-05	-9.17E+07	1.99E+07	4.70E-01	
1_1427928_G_C	5.32E-01	2.56E-05	1.61E-05	-9.17E+07	1.99E+07	4.70E-01	
1_1429785_T_C	5.32E-01	2.56E-05	1.61E-05	-9.17E+07	1.99E+07	4.70E-01	
1_1430034_A_G	5.32E-01	2.56E-05	1.61E-05	-9.17E+07	1.99E+07	4.70E-01	
1_1431390_A_G	5.44E-01	3.15E-05	2.82E-05	-8.93E+07	2.00E+07	4.58E-01	
1_1437736_A_G	5.32E-01	2.56E-05	1.61E-05	-9.17E+07	1.99E+07	4.70E-01	
1_1439028_T_C	5.44E-01	3.15E-05	2.82E-05	-8.93E+07	2.00E+07	4.58E-01	
1_1440021_C_T	5.32E-01	2.56E-05	1.61E-05	-9.17E+07	1.99E+07	4.70E-01	
1_1440285_T_C	5.32E-01	2.56E-05	1.61E-05	-9.17E+07	1.99E+07	4.70E-01	
1_1446441_G_A	5.32E-01	2.56E-05	1.61E-05	-9.17E+07	1.99E+07	4.70E-01	
1_1446759_G_C	5.32E-01	2.56E-05	1.61E-05	-9.17E+07	1.99E+07	4.70E-01	
1_1448777_T_G	5.32E-01	2.56E-05	1.61E-05	-9.17E+07	1.99E+07	4.70E-01	
1_1461259_A_G	5.32E-01	2.56E-05	1.61E-05	-9.17E+07	1.99E+07	4.70E-01	
1_1464232_A_G	5.32E-01	2.56E-05	1.61E-05	-9.17E+07	1.99E+07	4.70E-01	
1_1468236_G_A	5.32E-01	2.56E-05	1.61E-05	-9.17E+07	1.99E+07	4.70E-01	
1_1468256_T_C	5.32E-01	2.56E-05	1.61E-05	-9.17E+07	1.99E+07	4.70E-01	
1_1468310_A_G	5.44E-01	3.15E-05	2.82E-05	-8.93E+07	2.00E+07	4.58E-01	
1_1474400_C_T	5.44E-01	3.15E-05	2.82E-05	-8.93E+07	2.00E+07	4.58E-01	
1_1475857_A_G	5.32E-01	2.56E-05	1.61E-05	-9.17E+07	1.99E+07	4.70E-01	
1_1476402_A_G	5.32E-01	2.56E-05	1.61E-05	-9.17E+07	1.99E+07	4.70E-01	
1_1478033_G_C	5.32E-01	2.56E-05	1.61E-05	-9.17E+07	1.99E+07	4.70E-01	
1_1478615_A_C	5.32E-01	2.56E-05	1.61E-05	-9.17E+07	1.99E+07	4.70E-01	
1_1479562_G_A	5.32E-01	2.56E-05	1.61E-05	-9.17E+07	1.99E+07	4.70E-01	
1_1479870_A_G	5.32E-01	2.56E-05	1.61E-05	-9.17E+07	1.99E+07	4.70E-01	
1_1487229_A_G	5.32E-01	2.56E-05	1.61E-05	-9.17E+07	1.99E+07	4.70E-01	
1_1487737_G_C	5.32E-01	2.56E-05	1.61E-05	-9.17E+07	1.99E+07	4.70E-01	
1_1488717_T_C	5.32E-01	2.56E-05	1.61E-05	-9.17E+07	1.99E+07	4.70E-01	
1_1489089_G_A	5.44E-01	3.15E-05	2.82E-05	-8.93E+07	2.00E+07	4.58E-01	
1_1489823_G_C	5.32E-01	2.56E-05	1.61E-05	-9.17E+07	1.99E+07	4.70E-01	
1_1489954_A_G	5.32E-01	2.56E-05	1.61E-05	-9.17E+07	1.99E+07	4.70E-01	
1_1490265_C_T	5.32E-01	2.56E-05	1.61E-05	-9.17E+07	1.99E+07	4.70E-01	
1_1490828_A_G	5.32E-01	2.56E-05	1.61E-05	-9.17E+07	1.99E+07	4.70E-01	
1_1494842_A_G	5.32E-01	2.56E-05	1.61E-05	-9.17E+07	1.99E+07	4.70E-01	
1_1507899_A_G	5.44E-01	3.15E-05	2.82E-05	-8.93E+07	2.00E+07	4.58E-01	
1_1514326_C_A	5.44E-01	3.15E-05	2.82E-05	-8.93E+07	2.00E+07	4.58E-01	
1_1520815_C_T	5.32E-01	2.56E-05	1.61E-05	-9.17E+07	1.99E+07	4.70E-01	
1_1524604_A_T	5.44E-01	3.15E-05	2.82E-05	-8.93E+07	2.00E+07	4.58E-01	
1_1525798_A_G	5.32E-01	2.56E-05	1.61E-05	-9.17E+07	1.99E+07	4.70E-01	
1_1526442_A_G	5.32E-01	2.56E-05	1.61E-05	-9.17E+07	1.99E+07	4.70E-01	
1_1529660_C_T	5.44E-01	3.15E-05	2.82E-05	-8.93E+07	2.00E+07	4.58E-01	
1_1530071_T_C	5.32E-01	2.56E-05	1.61E-05	-9.17E+07	1.99E+07	4.70E-01	
1_1537155_A_G	5.32E-01	2.56E-05	1.61E-05	-9.17E+07	1.99E+07	4.70E-01	
1_1543772_A_G	5.32E-01	2.56E-05	1.61E-05	-9.17E+07	1.99E+07	4.70E-01	
1_1544607_A_G	5.32E-01	2.56E-05	1.61E-05	-9.17E+07	1.99E+07	4.70E-01	
1_1545128_C_T	5.32E-01	2.56E-05	1.61E-05	-9.17E+07	1.99E+07	4.70E-01	
1_1545398_A_G	5.32E-01	2.56E-05	1.61E-05	-9.17E+07	1.99E+07	4.70E-01	
1_1545949_A_G	5.32E-01	2.56E-05	1.61E-05	-9.17E+07	1.99E+07	4.70E-01	
1_1546421_A_G	5.32E-01	2.56E-05	1.61E-05	-9.17E+07	1.99E+07	4.70E-01	
1_1546687_A_G	5.32E-01	2.56E-05	1.61E-05	-9.17E+07	1.99E+07	4.70E-01	
1_1549835_G_C	5.32E-01	2.56E-05	1.61E-05	-9.17E+07	1.99E+07	4.70E-01	
1_1550100_A_G	5.32E-01	2.56E-05	1.61E-05	-9.17E+07	1.99E+07	4.70E-01	
1_1553078_A_G	5.32E-01	2.56E-05	1.61E-05	-9.17E+07	1.99E+07	4.70E-01	
1_1563756_A_C	5.32E-01	2.56E-05	1.61E-05	-9.17E+07	1.99E+07	4.70E-01	
1_1563882_A_G	5.32E-01	2.56E-05	1.61E-05	-9.17E+07	1.99E+07	4.70E-01	
1_1564044_G_C	5.32E-01	2.56E-05	1.61E-05	-9.17E+07	1.99E+07	4.70E-01	
1_1564716_C_G	5.32E-01	2.56E-05	1.61E-05	-9.17E+07	1.99E+07	4.70E-01	
1_1564721_A_G	5.32E-01	2.56E-05	1.61E-05	-9.17E+07	1.99E+07	4.70E-01	
1_1565807_A_G	5.32E-01	2.56E-05	1.61E-05	-9.17E+07	1.99E+07	4.70E-01	
1_1566078_C_G	5.32E-01	2.56E-05	1.61E-05	-9.17E+07	1.99E+07	4.70E-01	
1_1566200_A_G	5.32E-01	2.56E-05	1.61E-05	-9.17E+07	1.99E+07	4.70E-01	
1_1566332_A_G	5.32E-01	2.56E-05	1.61E-05	-9.17E+07	1.99E+07	4.70E-01	
1_1566671_T_C	5.32E-01	2.56E-05	1.61E-05	-9.17E+07	1.99E+07	4.70E-01	
1_1566839_G_A	5.06E-01	5.91E-05	1.60E-05	-9.13E+07	1.98E+07	4.70E-01	
1_1567152_T_G	5.32E-01	2.56E-05	1.61E-05	-9.17E+07	1.99E+07	4.70E-01	
1_1569614_A_G	5.06E-01	5.91E-05	1.60E-05	-9.13E+07	1.98E+07	4.70E-01	
1_1569765_A_G	5.32E-01	2.56E-05	1.61E-05	-9.17E+07	1.99E+07	4.70E-01	
1_1570635_T_C	5.32E-01	2.56E-05	1.61E-05	-9.17E+07	1.99E+07	4.70E-01	
1_1572645_A_G	5.32E-01	2.56E-05	1.61E-05	-9.17E+07	1.99E+07	4.70E-01	
1_1575670_A_G	5.32E-01	2.56E-05	1.61E-05	-9.17E+07	1.99E+07	4.70E-01	
1_1575745_A_G	5.32E-01	2.56E-05	1.61E-05	-9.17E+07	1.99E+07	4.70E-01	
1_1576416_G_A	5.32E-01	2.56E-05	1.61E-05	-9.17E+07	1.99E+07	4.70E-01	
1_1577258_A_G	5.06E-01	5.91E-05	1.60E-05	-9.13E+07	1.98E+07	4.70E-01	
1_1577366_T_C	5.32E-01	2.56E-05	1.61E-05	-9.17E+07	1.99E+07	4.70E-01	
1_1577918_A_G	5.32E-01	2.56E-05	1.61E-05	-9.17E+07	1.99E+07	4.70E-01	
1_1578027_C_T	5.06E-01	5.91E-05	1.60E-05	-9.13E+07	1.98E+07	4.70E-01	
1_1582334_C_T	5.44E-01	3.15E-05	2.82E-05	-8.93E+07	2.00E+07	4.58E-01	
1_1614226_T_A	5.44E-01	3.15E-05	2.82E-05	-8.93E+07	2.00E+07	4.58E-01	
1_1617404_T_C	5.44E-01	3.15E-05	2.82E-05	-8.93E+07	2.00E+07	4.58E-01	
1_1648799_G_A	5.44E-01	3.15E-05	2.82E-05	-8.93E+07	2.00E+07	4.58E-01	
1_1660351_A_G	5.32E-01	2.56E-05	1.61E-05	-9.17E+07	1.99E+07	4.70E-01	
1_1664884_A_G	5.32E-01	2.56E-05	1.61E-05	-9.17E+07	1.99E+07	4.70E-01	
1_1664942_T_G	5.32E-01	2.56E-05	1.61E-05	-9.17E+07	1.99E+07	4.70E-01	
1_1665254_G_A	5.32E-01	2.56E-05	1.61E-05	-9.17E+07	1.99E+07	4.70E-01	
1_1667077_G_T	5.32E-01	2.56E-05	1.61E-05	-9.17E+07	1.99E+07	4.70E-01	
1_1668197_A_G	5.32E-01	2.56E-05	1.61E-05	-9.17E+07	1.99E+07	4.70E-01	
1_1670227_C_G	5.32E-01	2.56E-05	1.61E-05	-9.17E+07	1.99E+07	4.70E-01	
1_1670260_G_A	5.32E-01	2.56E-05	1.61E-05	-9.17E+07	1.99E+07	4.70E-01	
1_1671066_T_G	5.32E-01	2.56E-05	1.61E-05	-9.17E+07	1.99E+07	4.70E-01	
1_1673294_C_T	5.44E-01	3.15E-05	2.82E-05	-8.93E+07	2.00E+07	4.58E-01	
1_1673468_T_C	5.44E-01	3.15E-05	2.82E-05	-8.93E+07	2.00E+07	4.58E-01	
1_1706913_C_A	5.32E-01	2.56E-05	1.61E-05	-9.17E+07	1.99E+07	4.70E-01	
1_1724132_T_G	5.32E-01	2.56E-05	1.61E-05	-9.17E+07	1.99E+07	4.70E-01	
1_1727109_G_C	5.44E-01	3.15E-05	2.82E-05	-8.93E+07	2.00E+07	4.58E-01	
1_1733308_A_G	5.32E-01	2.56E-05	1.61E-05	-9.17E+07	1.99E+07	4.70E-01	
1_1738152_T_C	5.06E-01	6.90E-05	1.98E-05	-8.91E+07	1.96E+07	4.66E-01	
1_1760620_C_T	5.32E-01	2.56E-05	1.61E-05	-9.17E+07	1.99E+07	4.70E-01	
1_1761012_G_A	5.32E-01	2.56E-05	1.61E-05	-9.17E+07	1.99E+07	4.70E-01	
1_1762823_G_A	5.32E-01	2.56E-05	1.61E-05	-9.17E+07	1.99E+07	4.70E-01	
1_1762829_G_A	5.32E-01	2.56E-05	1.61E-05	-9.17E+07	1.99E+07	4.70E-01	
1_1762839_T_A	5.32E-01	2.56E-05	1.61E-05	-9.17E+07	1.99E+07	4.70E-01	
1_1763311_A_G	5.32E-01	2.56E-05	1.61E-05	-9.17E+07	1.99E+07	4.70E-01	
1_1763322_T_C	5.32E-01	2.56E-05	1.61E-05	-9.17E+07	1.99E+07	4.70E-01	
1_1773585_C_T	5.32E-01	2.56E-05	1.61E-05	-9.17E+07	1.99E+07	4.70E-01	
1_1773767_G_A	5.32E-01	2.56E-05	1.61E-05	-9.17E+07	1.99E+07	4.70E-01	
1_1773795_A_G	5.32E-01	2.56E-05	1.61E-05	-9.17E+07	1.99E+07	4.70E-01	
1_1774290_G_A	5.32E-01	2.56E-05	1.61E-05	-9.17E+07	1.99E+07	4.70E-01	
1_1774317_C_T	5.32E-01	2.56E-05	1.61E-05	-9.17E+07	1.99E+07	4.70E-01	
1_1774751_G_T	5.32E-01	2.56E-05	1.61E-05	-9.17E+07	1.99E+07	4.70E-01	
1_1776210_A_G	5.32E-01	2.56E-05	1.61E-05	-9.17E+07	1.99E+07	4.70E-01	
1_1776758_T_C	5.32E-01	2.56E-05	1.61E-05	-9.17E+07	1.99E+07	4.70E-01	
1_1776788_T_C	5.32E-01	2.56E-05	1.61E-05	-9.17E+07	1.99E+07	4.70E-01	
1_1776834_T_C	5.32E-01	2.56E-05	1.61E-05	-9.17E+07	1.99E+07	4.70E-01	
1_1776877_T_C	5.32E-01	2.56E-05	1.61E-05	-9.17E+07	1.99E+07	4.70E-01	
1_1776907_G_C	5.32E-01	2.56E-05	1.61E-05	-9.17E+07	1.99E+07	4.70E-01	
1_1776958_G_A	5.32E-01	2.56E-05	1.61E-05	-9.17E+07	1.99E+07	4.70E-01	
1_1777259_A_G	5.32E-01	2.56E-05	1.61E-05	-9.17E+07	1.99E+07	4.70E-01	
1_1777549_A_G	5.32E-01	2.56E-05	1.61E-05	-9.17E+07	1.99E+07	4.70E-01	
1_1778271_T_C	5.32E-01	2.56E-05	1.61E-05	-9.17E+07	1.99E+07	4.70E-01	
1_1779199_C_G	5.32E-01	2.56E-05	1.61E-05	-9.17E+07	1.99E+07	4.70E-01	
1_1779298_A_G	5.32E-01	2.56E-05	1.61E-05	-9.17E+07	1.99E+07	4.70E-01	
1_1779529_A_G	5.32E-01	2.56E-05	1.61E-05	-9.17E+07	1.99E+07	4.70E-01	
1_1780263_A_G	5.44E-01	3.15E-05	2.82E-05	-8.93E+07	2.00E+07	4.58E-01	
1_1782891_T_C	5.32E-01	2.56E-05	1.61E-05	-9.17E+07	1.99E+07	4.70E-01	
1_1783613_A_T	5.32E-01	2.56E-05	1.61E-05	-9.17E+07	1.99E+07	4.70E-01	
1_1784570_C_T	5.32E-01	2.56E-05	1.61E-05	-9.17E+07	1.99E+07	4.70E-01	
1_1784698_A_G	5.32E-01	2.56E-05	1.61E-05	-9.17E+07	1.99E+07	4.70E-01	
1_1784710_A_G	5.32E-01	2.56E-05	1.61E-05	-9.17E+07	1.99E+07	4.70E-01	
1_1785251_G_A	5.32E-01	2.56E-05	1.61E-05	-9.17E+07	1.99E+07	4.70E-01	
1_1785536_C_T	5.32E-01	2.56E-05	1.61E-05	-9.17E+07	1.99E+07	4.70E-01	
1_1785540_A_T	5.32E-01	2.56E-05	1.61E-05	-9.17E+07	1.99E+07	4.70E-01	
1_1785732_T_C	5.32E-01	2.56E-05	1.61E-05	-9.17E+07	1.99E+07	4.70E-01	
1_1785753_T_A	5.32E-01	2.56E-05	1.61E-05	-9.17E+07	1.99E+07	4.70E-01	
1_1786049_C_T	5.32E-01	2.56E-05	1.61E-05	-9.17E+07	1.99E+07	4.70E-01	
1_1786117_C_G	5.32E-01	2.56E-05	1.61E-05	-9.17E+07	1.99E+07	4.70E-01	
1_1786756_G_A	5.32E-01	2.56E-05	1.61E-05	-9.17E+07	1.99E+07	4.70E-01	
1_1787202_A_G	5.32E-01	2.56E-05	1.61E-05	-9.17E+07	1.99E+07	4.70E-01	
1_1788120_A_G	5.32E-01	2.56E-05	1.61E-05	-9.17E+07	1.99E+07	4.70E-01	
1_1788492_T_C	5.32E-01	2.56E-05	1.61E-05	-9.17E+07	1.99E+07	4.70E-01	
1_1789965_T_C	5.32E-01	2.56E-05	1.61E-05	-9.17E+07	1.99E+07	4.70E-01	
1_1790464_A_G	5.32E-01	2.56E-05	1.61E-05	-9.17E+07	1.99E+07	4.70E-01	
1_1791295_G_A	5.32E-01	2.56E-05	1.61E-05	-9.17E+07	1.99E+07	4.70E-01	
1_1791322_G_T	5.32E-01	2.56E-05	1.61E-05	-9.17E+07	1.99E+07	4.70E-01	
1_1791337_G_A	5.32E-01	2.56E-05	1.61E-05	-9.17E+07	1.99E+07	4.70E-01	
1_1791406_G_A	5.32E-01	2.56E-05	1.61E-05	-9.17E+07	1.99E+07	4.70E-01	
1_1791426_T_C	5.32E-01	2.56E-05	1.61E-05	-9.17E+07	1.99E+07	4.70E-01	
1_1791433_G_C	5.32E-01	2.56E-05	1.61E-05	-9.17E+07	1.99E+07	4.70E-01	
1_1791439_G_A	5.32E-01	2.56E-05	1.61E-05	-9.17E+07	1.99E+07	4.70E-01	
1_1791451_G_A	5.32E-01	2.56E-05	1.61E-05	-9.17E+07	1.99E+07	4.70E-01	
1_1791478_G_A	5.32E-01	2.56E-05	1.61E-05	-9.17E+07	1.99E+07	4.70E-01	
1_1791481_G_A	5.32E-01	2.56E-05	1.61E-05	-9.17E+07	1.99E+07	4.70E-01	
1_1791538_A_G	5.32E-01	2.56E-05	1.61E-05	-9.17E+07	1.99E+07	4.70E-01	
1_1791542_A_G	5.32E-01	2.56E-05	1.61E-05	-9.17E+07	1.99E+07	4.70E-01	
1_1791546_G_A	5.32E-01	2.56E-05	1.61E-05	-9.17E+07	1.99E+07	4.70E-01	
1_1791562_T_C	5.32E-01	2.56E-05	1.61E-05	-9.17E+07	1.99E+07	4.70E-01	
1_1791565_T_C	5.32E-01	2.56E-05	1.61E-05	-9.17E+07	1.99E+07	4.70E-01	
1_1791568_G_A	5.32E-01	2.56E-05	1.61E-05	-9.17E+07	1.99E+07	4.70E-01	
1_1791974_T_C	5.32E-01	2.56E-05	1.61E-05	-9.17E+07	1.99E+07	4.70E-01	
1_1792137_T_C	5.32E-01	2.56E-05	1.61E-05	-9.17E+07	1.99E+07	4.70E-01	
1_1792860_A_G	5.32E-01	2.56E-05	1.61E-05	-9.17E+07	1.99E+07	4.70E-01	
1_1793332_T_A	5.32E-01	2.56E-05	1.61E-05	-9.17E+07	1.99E+07	4.70E-01	
1_1793648_G_A	5.32E-01	2.56E-05	1.61E-05	-9.17E+07	1.99E+07	4.70E-01	
1_1793688_A_G	5.32E-01	2.56E-05	1.61E-05	-9.17E+07	1.99E+07	4.70E-01	
1_1794046_A_G	5.32E-01	2.56E-05	1.61E-05	-9.17E+07	1.99E+07	4.70E-01	
1_1794433_T_C	5.32E-01	2.56E-05	1.61E-05	-9.17E+07	1.99E+07	4.70E-01	
1_1794510_C_G	5.32E-01	2.56E-05	1.61E-05	-9.17E+07	1.99E+07	4.70E-01	
1_1794590_T_C	5.32E-01	2.56E-05	1.61E-05	-9.17E+07	1.99E+07	4.70E-01	
1_1796805_A_G	5.32E-01	2.56E-05	1.61E-05	-9.17E+07	1.99E+07	4.70E-01	
1_1800003_T_C	5.32E-01	2.56E-05	1.61E-05	-9.17E+07	1.99E+07	4.70E-01	
1_1800045_G_C	5.44E-01	3.15E-05	2.82E-05	-8.93E+07	2.00E+07	4.58E-01	
1_1800179_G_A	5.32E-01	2.56E-05	1.61E-05	-9.17E+07	1.99E+07	4.70E-01	
1_1800217_A_T	5.32E-01	2.56E-05	1.61E-05	-9.17E+07	1.99E+07	4.70E-01	
1_1800220_T_C	5.32E-01	2.56E-05	1.61E-05	-9.17E+07	1.99E+07	4.70E-01	
1_1800291_T_C	5.32E-01	2.56E-05	1.61E-05	-9.17E+07	1.99E+07	4.70E-01	
1_1800307_C_A	5.32E-01	2.56E-05	1.61E-05	-9.17E+07	1.99E+07	4.70E-01	
1_1800332_A_G	5.19E-01	8.68E-06	4.62E-06	-9.64E+07	1.95E+07	4.95E-01	
1_1800431_C_A	5.32E-01	2.56E-05	1.61E-05	-9.17E+07	1.99E+07	4.70E-01	
1_1800478_C_G	5.32E-01	2.56E-05	1.61E-05	-9.17E+07	1.99E+07	4.70E-01	
1_1800482_T_C	5.32E-01	2.56E-05	1.61E-05	-9.17E+07	1.99E+07	4.70E-01	
1_1800488_T_C	5.32E-01	2.56E-05	1.61E-05	-9.17E+07	1.99E+07	4.70E-01	
1_1800544_A_G	5.32E-01	2.56E-05	1.61E-05	-9.17E+07	1.99E+07	4.70E-01	
1_1800545_G_T	5.32E-01	2.56E-05	1.61E-05	-9.17E+07	1.99E+07	4.70E-01	
1_1800562_C_T	5.32E-01	2.56E-05	1.61E-05	-9.17E+07	1.99E+07	4.70E-01	
1_1800567_G_T	5.32E-01	2.56E-05	1.61E-05	-9.17E+07	1.99E+07	4.70E-01	
1_1800620_A_G	5.32E-01	2.56E-05	1.61E-05	-9.17E+07	1.99E+07	4.70E-01	
1_1800748_C_A	5.32E-01	2.56E-05	1.61E-05	-9.17E+07	1.99E+07	4.70E-01	
1_1800758_T_C	5.32E-01	2.56E-05	1.61E-05	-9.17E+07	1.99E+07	4.70E-01	
1_1800786_A_G	5.32E-01	2.56E-05	1.61E-05	-9.17E+07	1.99E+07	4.70E-01	
1_1801027_A_G	5.32E-01	2.56E-05	1.61E-05	-9.17E+07	1.99E+07	4.70E-01	
1_1801058_C_T	5.32E-01	2.56E-05	1.61E-05	-9.17E+07	1.99E+07	4.70E-01	
1_1801108_A_G	5.32E-01	2.56E-05	1.61E-05	-9.17E+07	1.99E+07	4.70E-01	
1_1801177_A_G	5.32E-01	2.56E-05	1.61E-05	-9.17E+07	1.99E+07	4.70E-01	
1_1801210_A_G	5.32E-01	2.56E-05	1.61E-05	-9.17E+07	1.99E+07	4.70E-01	
1_1801246_T_C	5.32E-01	2.56E-05	1.61E-05	-9.17E+07	1.99E+07	4.70E-01	
1_1801318_A_G	5.32E-01	2.56E-05	1.61E-05	-9.17E+07	1.99E+07	4.70E-01	
1_1801402_A_C	5.32E-01	2.56E-05	1.61E-05	-9.17E+07	1.99E+07	4.70E-01	
1_1803035_G_A	5.32E-01	2.56E-05	1.61E-05	-9.17E+07	1.99E+07	4.70E-01	
1_1803768_A_G	5.32E-01	2.56E-05	1.61E-05	-9.17E+07	1.99E+07	4.70E-01	
1_1804284_A_G	5.32E-01	2.56E-05	1.61E-05	-9.17E+07	1.99E+07	4.70E-01	
1_1804335_T_A	5.32E-01	2.56E-05	1.61E-05	-9.17E+07	1.99E+07	4.70E-01	
1_1805343_A_G	5.32E-01	2.56E-05	1.61E-05	-9.17E+07	1.99E+07	4.70E-01	
1_1806348_T_C	5.32E-01	2.56E-05	1.61E-05	-9.17E+07	1.99E+07	4.70E-01	
1_1810378_A_G	5.44E-01	3.15E-05	2.82E-05	-8.93E+07	2.00E+07	4.58E-01	
1_1813314_T_C	5.44E-01	3.15E-05	2.82E-05	-8.93E+07	2.00E+07	4.58E-01	
1_1813536_A_C	5.44E-01	3.15E-05	2.82E-05	-8.93E+07	2.00E+07	4.58E-01	
1_1815938_T_G	4.56E-01	4.51E-07	9.38E-06	-9.72E+07	2.04E+07	4.81E-01	
1_1816097_A_G	5.32E-01	2.56E-05	1.61E-05	-9.17E+07	1.99E+07	4.70E-01	
1_1816525_C_T	5.32E-01	2.56E-05	1.61E-05	-9.17E+07	1.99E+07	4.70E-01	
1_1817254_A_G	5.32E-01	2.56E-05	1.61E-05	-9.17E+07	1.99E+07	4.70E-01	
1_1817257_T_C	5.32E-01	2.56E-05	1.61E-05	-9.17E+07	1.99E+07	4.70E-01	
1_1817303_A_G	5.32E-01	2.56E-05	1.61E-05	-9.17E+07	1.99E+07	4.70E-01	
1_1817323_C_T	5.32E-01	2.56E-05	1.61E-05	-9.17E+07	1.99E+07	4.70E-01	
1_1817407_C_T	5.32E-01	2.56E-05	1.61E-05	-9.17E+07	1.99E+07	4.70E-01	
1_1817453_G_C	5.32E-01	2.56E-05	1.61E-05	-9.17E+07	1.99E+07	4.70E-01	
1_1817623_T_A	5.32E-01	2.56E-05	1.61E-05	-9.17E+07	1.99E+07	4.70E-01	
1_1817793_T_C	5.32E-01	2.56E-05	1.61E-05	-9.17E+07	1.99E+07	4.70E-01	
1_1817911_A_G	5.32E-01	2.56E-05	1.61E-05	-9.17E+07	1.99E+07	4.70E-01	
1_1818031_T_C	5.32E-01	2.56E-05	1.61E-05	-9.17E+07	1.99E+07	4.70E-01	
1_1818996_T_C	5.32E-01	2.56E-05	1.61E-05	-9.17E+07	1.99E+07	4.70E-01	
1_1819025_T_C	5.32E-01	2.56E-05	1.61E-05	-9.17E+07	1.99E+07	4.70E-01	
1_1819353_A_G	5.32E-01	2.56E-05	1.61E-05	-9.17E+07	1.99E+07	4.70E-01	
1_1819549_G_A	5.32E-01	2.56E-05	1.61E-05	-9.17E+07	1.99E+07	4.70E-01	
1_1819856_C_T	5.32E-01	2.56E-05	1.61E-05	-9.17E+07	1.99E+07	4.70E-01	
1_1820077_C_A	5.32E-01	2.56E-05	1.61E-05	-9.17E+07	1.99E+07	4.70E-01	
1_1820292_A_G	5.32E-01	2.56E-05	1.61E-05	-9.17E+07	1.99E+07	4.70E-01	
1_1820297_G_A	5.19E-01	3.54E-05	1.58E-05	-9.12E+07	1.97E+07	4.70E-01	
1_1820311_T_C	5.32E-01	2.56E-05	1.61E-05	-9.17E+07	1.99E+07	4.70E-01	
1_1820324_G_A	5.32E-01	2.56E-05	1.61E-05	-9.17E+07	1.99E+07	4.70E-01	
1_1821327_C_A	5.32E-01	2.56E-05	1.61E-05	-9.17E+07	1.99E+07	4.70E-01	
1_1822221_T_C	5.32E-01	2.56E-05	1.61E-05	-9.17E+07	1.99E+07	4.70E-01	
1_1822915_A_G	5.32E-01	2.56E-05	1.61E-05	-9.17E+07	1.99E+07	4.70E-01	
1_1824109_T_C	5.32E-01	2.56E-05	1.61E-05	-9.17E+07	1.99E+07	4.70E-01	
1_1878204_T_C	5.44E-01	3.15E-05	2.82E-05	-8.93E+07	2.00E+07	4.58E-01	
1_1885742_A_G	5.32E-01	2.56E-05	1.61E-05	-9.17E+07	1.99E+07	4.70E-01	
1_1891176_A_G	5.32E-01	2.56E-05	1.61E-05	-9.17E+07	1.99E+07	4.70E-01	
1_1891734_A_G	5.32E-01	2.56E-05	1.61E-05	-9.17E+07	1.99E+07	4.70E-01	
1_1892063_C_T	5.32E-01	2.56E-05	1.61E-05	-9.17E+07	1.99E+07	4.70E-01	
1_1892496_A_C	5.32E-01	2.56E-05	1.61E-05	-9.17E+07	1.99E+07	4.70E-01	
1_1892574_C_T	5.32E-01	2.56E-05	1.61E-05	-9.17E+07	1.99E+07	4.70E-01	
1_1894136_G_A	5.32E-01	2.56E-05	1.61E-05	-9.17E+07	1.99E+07	4.70E-01	
1_1894517_T_G	5.32E-01	2.56E-05	1.61E-05	-9.17E+07	1.99E+07	4.70E-01	
1_1895485_C_G	5.32E-01	2.56E-05	1.61E-05	-9.17E+07	1.99E+07	4.70E-01	
1_1896034_C_T	5.32E-01	2.56E-05	1.61E-05	-9.17E+07	1.99E+07	4.70E-01	
1_1897114_G_A	5.32E-01	2.56E-05	1.61E-05	-9.17E+07	1.99E+07	4.70E-01	
1_1897259_T_C	5.32E-01	2.56E-05	1.61E-05	-9.17E+07	1.99E+07	4.70E-01	
1_1897621_T_C	5.32E-01	2.56E-05	1.61E-05	-9.17E+07	1.99E+07	4.70E-01	
1_1897661_T_C	5.32E-01	2.56E-05	1.61E-05	-9.17E+07	1.99E+07	4.70E-01	
1_1898204_A_G	5.32E-01	2.56E-05	1.61E-05	-9.17E+07	1.99E+07	4.70E-01	
1_1899099_A_G	5.32E-01	2.56E-05	1.61E-05	-9.17E+07	1.99E+07	4.70E-01	
1_1905404_A_G	5.44E-01	3.15E-05	2.82E-05	-8.93E+07	2.00E+07	4.58E-01	
1_1909280_G_T	5.32E-01	2.56E-05	1.61E-05	-9.17E+07	1.99E+07	4.70E-01	
1_1923973_T_C	5.06E-01	5.91E-05	1.60E-05	-9.13E+07	1.98E+07	4.70E-01	
1_1924199_T_C	5.06E-01	5.91E-05	1.60E-05	-9.13E+07	1.98E+07	4.70E-01	
1_1924265_A_G	5.06E-01	5.91E-05	1.60E-05	-9.13E+07	1.98E+07	4.70E-01	
1_1924266_G_A	5.06E-01	5.91E-05	1.60E-05	-9.13E+07	1.98E+07	4.70E-01	
1_1924460_T_C	5.06E-01	5.91E-05	1.60E-05	-9.13E+07	1.98E+07	4.70E-01	
1_1924540_A_G	5.06E-01	5.91E-05	1.60E-05	-9.13E+07	1.98E+07	4.70E-01	
1_1924744_A_G	5.06E-01	5.91E-05	1.60E-05	-9.13E+07	1.98E+07	4.70E-01	
1_1924877_A_G	5.06E-01	5.91E-05	1.60E-05	-9.13E+07	1.98E+07	4.70E-01	
1_1924893_A_T	5.06E-01	5.91E-05	1.60E-05	-9.13E+07	1.98E+07	4.70E-01	
1_1924900_T_C	5.06E-01	5.91E-05	1.60E-05	-9.13E+07	1.98E+07	4.70E-01	
1_1925273_T_C	5.06E-01	5.91E-05	1.60E-05	-9.13E+07	1.98E+07	4.70E-01	
1_1925306_G_A	5.06E-01	5.91E-05	1.60E-05	-9.13E+07	1.98E+07	4.70E-01	
1_1925395_T_C	5.06E-01	5.91E-05	1.60E-05	-9.13E+07	1.98E+07	4.70E-01	
1_1925406_T_A	5.06E-01	5.91E-05	1.60E-05	-9.13E+07	1.98E+07	4.70E-01	
1_1925494_T_C	5.06E-01	5.91E-05	1.60E-05	-9.13E+07	1.98E+07	4.70E-01	
1_1925500_T_C	5.06E-01	5.91E-05	1.60E-05	-9.13E+07	1.98E+07	4.70E-01	
1_1925509_T_C	5.06E-01	5.91E-05	1.60E-05	-9.13E+07	1.98E+07	4.70E-01	
1_1925635_A_G	5.06E-01	5.91E-05	1.60E-05	-9.13E+07	1.98E+07	4.70E-01	
1_1925779_T_C	5.06E-01	5.91E-05	1.60E-05	-9.13E+07	1.98E+07	4.70E-01	
1_1925890_C_T	5.06E-01	5.91E-05	1.60E-05	-9.13E+07	1.98E+07	4.70E-01	
1_1925894_G_A	5.06E-01	5.91E-05	1.60E-05	-9.13E+07	1.98E+07	4.70E-01	
1_1926001_A_G	5.06E-01	5.91E-05	1.60E-05	-9.13E+07	1.98E+07	4.70E-01	
1_1926166_T_C	5.06E-01	5.91E-05	1.60E-05	-9.13E+07	1.98E+07	4.70E-01	
1_1926205_G_A	5.06E-01	5.91E-05	1.60E-05	-9.13E+07	1.98E+07	4.70E-01	
1_1926214_T_C	5.06E-01	5.91E-05	1.60E-05	-9.13E+07	1.98E+07	4.70E-01	
1_1926279_G_A	5.06E-01	5.91E-05	1.60E-05	-9.13E+07	1.98E+07	4.70E-01	
1_1926345_G_A	5.06E-01	5.91E-05	1.60E-05	-9.13E+07	1.98E+07	4.70E-01	
1_1926426_A_C	5.06E-01	5.91E-05	1.60E-05	-9.13E+07	1.98E+07	4.70E-01	
1_1926429_C_G	5.06E-01	5.91E-05	1.60E-05	-9.13E+07	1.98E+07	4.70E-01	
1_1926468_G_A	5.06E-01	5.91E-05	1.60E-05	-9.13E+07	1.98E+07	4.70E-01	
1_1926507_G_A	5.06E-01	5.91E-05	1.60E-05	-9.13E+07	1.98E+07	4.70E-01	
1_1926528_G_C	5.06E-01	5.91E-05	1.60E-05	-9.13E+07	1.98E+07	4.70E-01	
1_1926547_A_G	5.06E-01	5.91E-05	1.60E-05	-9.13E+07	1.98E+07	4.70E-01	
1_1926564_A_G	5.06E-01	5.91E-05	1.60E-05	-9.13E+07	1.98E+07	4.70E-01	
1_1926615_T_C	5.06E-01	5.91E-05	1.60E-05	-9.13E+07	1.98E+07	4.70E-01	
1_1926687_A_G	5.06E-01	5.91E-05	1.60E-05	-9.13E+07	1.98E+07	4.70E-01	
1_1926729_T_C	5.06E-01	5.91E-05	1.60E-05	-9.13E+07	1.98E+07	4.70E-01	
1_1926939_T_C	5.06E-01	5.91E-05	1.60E-05	-9.13E+07	1.98E+07	4.70E-01	
1_1927052_G_A	5.06E-01	5.91E-05	1.60E-05	-9.13E+07	1.98E+07	4.70E-01	
1_1927200_A_G	5.06E-01	5.91E-05	1.60E-05	-9.13E+07	1.98E+07	4.70E-01	
1_1927235_A_G	5.06E-01	5.91E-05	1.60E-05	-9.13E+07	1.98E+07	4.70E-01	
1_1927301_G_A	5.06E-01	5.91E-05	1.60E-05	-9.13E+07	1.98E+07	4.70E-01	
1_1927317_A_G	5.06E-01	5.91E-05	1.60E-05	-9.13E+07	1.98E+07	4.70E-01	
1_1927328_T_C	5.06E-01	5.91E-05	1.60E-05	-9.13E+07	1.98E+07	4.70E-01	
1_1927349_C_T	5.06E-01	5.91E-05	1.60E-05	-9.13E+07	1.98E+07	4.70E-01	
1_1927352_C_T	5.06E-01	5.91E-05	1.60E-05	-9.13E+07	1.98E+07	4.70E-01	
1_1927383_T_C	5.06E-01	5.91E-05	1.60E-05	-9.13E+07	1.98E+07	4.70E-01	
1_1927688_A_G	5.06E-01	5.91E-05	1.60E-05	-9.13E+07	1.98E+07	4.70E-01	
1_1927738_A_G	5.06E-01	5.91E-05	1.60E-05	-9.13E+07	1.98E+07	4.70E-01	
1_1927754_G_A	5.06E-01	5.91E-05	1.60E-05	-9.13E+07	1.98E+07	4.70E-01	
1_1927808_A_G	5.06E-01	5.91E-05	1.60E-05	-9.13E+07	1.98E+07	4.70E-01	
1_1927831_A_G	5.06E-01	5.91E-05	1.60E-05	-9.13E+07	1.98E+07	4.70E-01	
1_1927835_A_G	5.06E-01	5.91E-05	1.60E-05	-9.13E+07	1.98E+07	4.70E-01	
1_1927844_G_A	5.06E-01	5.91E-05	1.60E-05	-9.13E+07	1.98E+07	4.70E-01	
1_1927848_G_A	5.06E-01	5.91E-05	1.60E-05	-9.13E+07	1.98E+07	4.70E-01	
1_1927954_G_A	5.06E-01	5.91E-05	1.60E-05	-9.13E+07	1.98E+07	4.70E-01	
1_1928097_C_T	5.32E-01	2.56E-05	1.61E-05	-9.17E+07	1.99E+07	4.70E-01	
1_1928104_C_T	5.06E-01	5.91E-05	1.60E-05	-9.13E+07	1.98E+07	4.70E-01	
1_1928119_C_A	5.06E-01	5.91E-05	1.60E-05	-9.13E+07	1.98E+07	4.70E-01	
1_1928167_A_G	5.06E-01	5.91E-05	1.60E-05	-9.13E+07	1.98E+07	4.70E-01	
1_1928171_T_C	5.06E-01	5.91E-05	1.60E-05	-9.13E+07	1.98E+07	4.70E-01	
1_1928252_C_T	5.06E-01	5.91E-05	1.60E-05	-9.13E+07	1.98E+07	4.70E-01	
1_1928288_G_A	5.06E-01	5.91E-05	1.60E-05	-9.13E+07	1.98E+07	4.70E-01	
1_1928296_A_G	5.06E-01	5.91E-05	1.60E-05	-9.13E+07	1.98E+07	4.70E-01	
1_1928404_A_G	5.06E-01	5.91E-05	1.60E-05	-9.13E+07	1.98E+07	4.70E-01	
1_1928411_A_G	5.32E-01	2.56E-05	1.61E-05	-9.17E+07	1.99E+07	4.70E-01	
1_1928434_C_T	5.06E-01	5.91E-05	1.60E-05	-9.13E+07	1.98E+07	4.70E-01	
1_1928440_G_A	5.06E-01	5.91E-05	1.60E-05	-9.13E+07	1.98E+07	4.70E-01	
1_1928447_C_A	5.06E-01	5.91E-05	1.60E-05	-9.13E+07	1.98E+07	4.70E-01	
1_1928452_C_T	5.06E-01	5.91E-05	1.60E-05	-9.13E+07	1.98E+07	4.70E-01	
1_1928458_A_G	5.06E-01	5.91E-05	1.60E-05	-9.13E+07	1.98E+07	4.70E-01	
1_1928535_G_A	5.06E-01	5.91E-05	1.60E-05	-9.13E+07	1.98E+07	4.70E-01	
1_1928596_A_G	5.06E-01	5.91E-05	1.60E-05	-9.13E+07	1.98E+07	4.70E-01	
1_1928695_A_G	5.06E-01	5.91E-05	1.60E-05	-9.13E+07	1.98E+07	4.70E-01	
1_1928714_G_A	5.06E-01	5.91E-05	1.60E-05	-9.13E+07	1.98E+07	4.70E-01	
1_1928750_G_A	5.06E-01	5.91E-05	1.60E-05	-9.13E+07	1.98E+07	4.70E-01	
1_1928767_G_A	5.06E-01	5.91E-05	1.60E-05	-9.13E+07	1.98E+07	4.70E-01	
1_1928776_C_T	5.06E-01	5.91E-05	1.60E-05	-9.13E+07	1.98E+07	4.70E-01	
1_1928779_C_T	5.06E-01	5.91E-05	1.60E-05	-9.13E+07	1.98E+07	4.70E-01	
1_1928785_A_G	5.06E-01	5.91E-05	1.60E-05	-9.13E+07	1.98E+07	4.70E-01	
1_1928821_T_G	5.06E-01	5.91E-05	1.60E-05	-9.13E+07	1.98E+07	4.70E-01	
1_1928830_C_A	5.06E-01	5.91E-05	1.60E-05	-9.13E+07	1.98E+07	4.70E-01	
1_1928834_T_C	5.06E-01	5.91E-05	1.60E-05	-9.13E+07	1.98E+07	4.70E-01	
1_1928908_A_T	5.06E-01	5.91E-05	1.60E-05	-9.13E+07	1.98E+07	4.70E-01	
1_1928967_C_T	5.06E-01	5.91E-05	1.60E-05	-9.13E+07	1.98E+07	4.70E-01	
1_1928980_T_C	5.06E-01	5.91E-05	1.60E-05	-9.13E+07	1.98E+07	4.70E-01	
1_1928983_C_T	5.06E-01	5.91E-05	1.60E-05	-9.13E+07	1.98E+07	4.70E-01	
1_1929031_G_A	5.06E-01	5.91E-05	1.60E-05	-9.13E+07	1.98E+07	4.70E-01	
1_1929132_G_C	5.06E-01	5.91E-05	1.60E-05	-9.13E+07	1.98E+07	4.70E-01	
1_1929134_G_A	5.06E-01	5.91E-05	1.60E-05	-9.13E+07	1.98E+07	4.70E-01	
1_1929135_G_A	5.06E-01	5.91E-05	1.60E-05	-9.13E+07	1.98E+07	4.70E-01	
1_1929148_A_G	5.06E-01	5.91E-05	1.60E-05	-9.13E+07	1.98E+07	4.70E-01	
1_1929156_C_G	5.06E-01	5.91E-05	1.60E-05	-9.13E+07	1.98E+07	4.70E-01	
1_1929207_C_G	4.94E-01	2.10E-05	4.62E-06	-9.59E+07	1.94E+07	4.95E-01	
1_1929270_A_G	5.06E-01	5.91E-05	1.60E-05	-9.13E+07	1.98E+07	4.70E-01	
1_1929360_T_C	5.06E-01	5.91E-05	1.60E-05	-9.13E+07	1.98E+07	4.70E-01	
1_1929654_A_G	5.06E-01	5.91E-05	1.60E-05	-9.13E+07	1.98E+07	4.70E-01	
1_1929928_A_G	5.06E-01	5.91E-05	1.60E-05	-9.13E+07	1.98E+07	4.70E-01	
1_1930182_C_A	5.06E-01	5.91E-05	1.60E-05	-9.13E+07	1.98E+07	4.70E-01	
1_1930200_T_C	5.32E-01	2.56E-05	1.61E-05	-9.17E+07	1.99E+07	4.70E-01	
1_1930724_T_C	5.32E-01	2.56E-05	1.61E-05	-9.17E+07	1.99E+07	4.70E-01	
1_1930790_T_G	5.06E-01	5.91E-05	1.60E-05	-9.13E+07	1.98E+07	4.70E-01	
1_1931084_T_C	5.06E-01	5.91E-05	1.60E-05	-9.13E+07	1.98E+07	4.70E-01	
1_1931366_C_G	5.06E-01	5.91E-05	1.60E-05	-9.13E+07	1.98E+07	4.70E-01	
1_1931505_G_A	5.06E-01	5.91E-05	1.60E-05	-9.13E+07	1.98E+07	4.70E-01	
1_1932075_T_C	5.06E-01	5.91E-05	1.60E-05	-9.13E+07	1.98E+07	4.70E-01	
1_1932136_G_A	5.06E-01	5.91E-05	1.60E-05	-9.13E+07	1.98E+07	4.70E-01	
1_1932193_A_G	5.06E-01	5.91E-05	1.60E-05	-9.13E+07	1.98E+07	4.70E-01	
1_1932202_A_G	5.06E-01	5.91E-05	1.60E-05	-9.13E+07	1.98E+07	4.70E-01	
1_1932271_G_A	5.06E-01	5.91E-05	1.60E-05	-9.13E+07	1.98E+07	4.70E-01	
1_1932516_A_G	5.32E-01	2.56E-05	1.61E-05	-9.17E+07	1.99E+07	4.70E-01	
1_1932540_T_C	5.06E-01	5.91E-05	1.60E-05	-9.13E+07	1.98E+07	4.70E-01	
1_1932627_A_G	5.06E-01	5.91E-05	1.60E-05	-9.13E+07	1.98E+07	4.70E-01	
1_1932670_A_G	5.06E-01	5.91E-05	1.60E-05	-9.13E+07	1.98E+07	4.70E-01	
1_1932753_A_G	5.06E-01	5.91E-05	1.60E-05	-9.13E+07	1.98E+07	4.70E-01	
1_1932855_T_G	5.06E-01	5.91E-05	1.60E-05	-9.13E+07	1.98E+07	4.70E-01	
1_1932879_C_T	5.06E-01	5.91E-05	1.60E-05	-9.13E+07	1.98E+07	4.70E-01	
1_1932912_A_G	5.06E-01	5.91E-05	1.60E-05	-9.13E+07	1.98E+07	4.70E-01	
1_1932953_A_G	5.06E-01	5.91E-05	1.60E-05	-9.13E+07	1.98E+07	4.70E-01	
1_1933016_A_C	5.06E-01	5.91E-05	1.60E-05	-9.13E+07	1.98E+07	4.70E-01	
1_1933017_C_A	5.06E-01	5.91E-05	1.60E-05	-9.13E+07	1.98E+07	4.70E-01	
1_1933025_T_C	5.32E-01	2.56E-05	1.61E-05	-9.17E+07	1.99E+07	4.70E-01	
1_1933062_A_G	5.06E-01	5.91E-05	1.60E-05	-9.13E+07	1.98E+07	4.70E-01	
1_1933175_A_C	5.06E-01	5.91E-05	1.60E-05	-9.13E+07	1.98E+07	4.70E-01	
1_1933280_T_C	5.06E-01	5.91E-05	1.60E-05	-9.13E+07	1.98E+07	4.70E-01	
1_1933290_A_G	5.06E-01	5.91E-05	1.60E-05	-9.13E+07	1.98E+07	4.70E-01	
1_1933292_C_T	5.06E-01	5.91E-05	1.60E-05	-9.13E+07	1.98E+07	4.70E-01	
1_1933304_A_G	5.06E-01	5.91E-05	1.60E-05	-9.13E+07	1.98E+07	4.70E-01	
1_1933377_A_G	5.06E-01	5.91E-05	1.60E-05	-9.13E+07	1.98E+07	4.70E-01	
1_1933476_A_G	5.06E-01	5.91E-05	1.60E-05	-9.13E+07	1.98E+07	4.70E-01	
1_1933484_A_G	5.06E-01	5.91E-05	1.60E-05	-9.13E+07	1.98E+07	4.70E-01	
1_1933601_T_C	5.06E-01	5.91E-05	1.60E-05	-9.13E+07	1.98E+07	4.70E-01	
1_1933821_G_A	5.06E-01	5.91E-05	1.60E-05	-9.13E+07	1.98E+07	4.70E-01	
1_1933859_A_G	5.06E-01	5.91E-05	1.60E-05	-9.13E+07	1.98E+07	4.70E-01	
1_1933944_T_C	5.06E-01	5.91E-05	1.60E-05	-9.13E+07	1.98E+07	4.70E-01	
1_1933985_A_G	5.06E-01	5.91E-05	1.60E-05	-9.13E+07	1.98E+07	4.70E-01	
1_1934039_C_T	5.06E-01	5.91E-05	1.60E-05	-9.13E+07	1.98E+07	4.70E-01	
1_1934075_G_T	5.06E-01	5.91E-05	1.60E-05	-9.13E+07	1.98E+07	4.70E-01	
1_1934141_A_G	5.19E-01	3.54E-05	1.58E-05	-9.12E+07	1.97E+07	4.70E-01	
1_1934150_A_G	5.19E-01	3.54E-05	1.58E-05	-9.12E+07	1.97E+07	4.70E-01	
1_1934297_A_G	5.19E-01	3.54E-05	1.58E-05	-9.12E+07	1.97E+07	4.70E-01	
1_1934452_A_G	5.19E-01	3.54E-05	1.58E-05	-9.12E+07	1.97E+07	4.70E-01	
1_1934522_A_C	5.06E-01	5.91E-05	1.60E-05	-9.13E+07	1.98E+07	4.70E-01	
1_1934585_T_C	5.19E-01	3.54E-05	1.58E-05	-9.12E+07	1.97E+07	4.70E-01	
1_1934743_A_G	5.19E-01	3.54E-05	1.58E-05	-9.12E+07	1.97E+07	4.70E-01	
1_1934767_G_A	5.06E-01	5.91E-05	1.60E-05	-9.13E+07	1.98E+07	4.70E-01	
1_1934805_C_T	5.19E-01	3.54E-05	1.58E-05	-9.12E+07	1.97E+07	4.70E-01	
1_1934976_T_C	5.19E-01	3.54E-05	1.58E-05	-9.12E+07	1.97E+07	4.70E-01	
1_1935047_T_C	5.19E-01	3.54E-05	1.58E-05	-9.12E+07	1.97E+07	4.70E-01	
1_1935052_T_C	5.19E-01	3.54E-05	1.58E-05	-9.12E+07	1.97E+07	4.70E-01	
1_1935054_G_A	5.19E-01	3.54E-05	1.58E-05	-9.12E+07	1.97E+07	4.70E-01	
1_1935145_C_T	5.32E-01	2.56E-05	1.61E-05	-9.17E+07	1.99E+07	4.70E-01	
1_1935172_T_C	5.19E-01	3.54E-05	1.58E-05	-9.12E+07	1.97E+07	4.70E-01	
1_1935190_A_G	5.19E-01	3.54E-05	1.58E-05	-9.12E+07	1.97E+07	4.70E-01	
1_1935324_C_T	5.19E-01	3.54E-05	1.58E-05	-9.12E+07	1.97E+07	4.70E-01	
1_1935340_C_T	5.19E-01	3.54E-05	1.58E-05	-9.12E+07	1.97E+07	4.70E-01	
1_1935427_G_A	5.06E-01	5.91E-05	1.60E-05	-9.13E+07	1.98E+07	4.70E-01	
1_1935466_G_A	5.19E-01	3.54E-05	1.58E-05	-9.12E+07	1.97E+07	4.70E-01	
1_1935469_C_T	5.19E-01	3.54E-05	1.58E-05	-9.12E+07	1.97E+07	4.70E-01	
1_1935581_A_G	5.19E-01	3.54E-05	1.58E-05	-9.12E+07	1.97E+07	4.70E-01	
1_1935608_C_G	5.19E-01	3.54E-05	1.58E-05	-9.12E+07	1.97E+07	4.70E-01	
1_1935630_C_T	5.19E-01	3.54E-05	1.58E-05	-9.12E+07	1.97E+07	4.70E-01	
1_1936069_A_G	5.32E-01	2.56E-05	1.61E-05	-9.17E+07	1.99E+07	4.70E-01	
1_1936078_T_C	5.32E-01	2.56E-05	1.61E-05	-9.17E+07	1.99E+07	4.70E-01	
1_1936172_A_G	5.32E-01	2.56E-05	1.61E-05	-9.17E+07	1.99E+07	4.70E-01	
1_1936240_C_T	5.06E-01	5.91E-05	1.60E-05	-9.13E+07	1.98E+07	4.70E-01	
1_1936243_T_C	5.32E-01	2.56E-05	1.61E-05	-9.17E+07	1.99E+07	4.70E-01	
1_1936428_A_G	5.32E-01	2.56E-05	1.61E-05	-9.17E+07	1.99E+07	4.70E-01	
1_1936502_T_C	5.32E-01	2.56E-05	1.61E-05	-9.17E+07	1.99E+07	4.70E-01	
1_1936515_G_A	5.32E-01	2.56E-05	1.61E-05	-9.17E+07	1.99E+07	4.70E-01	
1_1936595_T_C	5.32E-01	2.56E-05	1.61E-05	-9.17E+07	1.99E+07	4.70E-01	
1_1936661_A_G	5.32E-01	2.56E-05	1.61E-05	-9.17E+07	1.99E+07	4.70E-01	
1_1936662_C_G	5.32E-01	2.56E-05	1.61E-05	-9.17E+07	1.99E+07	4.70E-01	
1_1936712_G_A	5.06E-01	5.91E-05	1.60E-05	-9.13E+07	1.98E+07	4.70E-01	
1_1936809_T_C	5.32E-01	2.56E-05	1.61E-05	-9.17E+07	1.99E+07	4.70E-01	
1_1936846_G_A	5.32E-01	2.56E-05	1.61E-05	-9.17E+07	1.99E+07	4.70E-01	
1_1936870_A_G	5.32E-01	2.56E-05	1.61E-05	-9.17E+07	1.99E+07	4.70E-01	
1_1936879_G_A	5.32E-01	2.56E-05	1.61E-05	-9.17E+07	1.99E+07	4.70E-01	
1_1937023_A_G	5.32E-01	2.56E-05	1.61E-05	-9.17E+07	1.99E+07	4.70E-01	
1_1937151_T_C	5.32E-01	2.56E-05	1.61E-05	-9.17E+07	1.99E+07	4.70E-01	
1_1937233_T_C	5.06E-01	5.91E-05	1.60E-05	-9.13E+07	1.98E+07	4.70E-01	
1_1941032_A_G	5.06E-01	5.91E-05	1.60E-05	-9.13E+07	1.98E+07	4.70E-01	
1_1941074_A_G	5.06E-01	5.91E-05	1.60E-05	-9.13E+07	1.98E+07	4.70E-01	
1_1941278_G_A	5.06E-01	5.91E-05	1.60E-05	-9.13E+07	1.98E+07	4.70E-01	
1_1941472_A_G	5.06E-01	5.91E-05	1.60E-05	-9.13E+07	1.98E+07	4.70E-01	
1_1941519_T_A	5.06E-01	5.91E-05	1.60E-05	-9.13E+07	1.98E+07	4.70E-01	
1_1941520_A_G	5.06E-01	5.91E-05	1.60E-05	-9.13E+07	1.98E+07	4.70E-01	
1_1941528_A_C	5.06E-01	5.91E-05	1.60E-05	-9.13E+07	1.98E+07	4.70E-01	
1_1941568_G_A	5.32E-01	2.56E-05	1.61E-05	-9.17E+07	1.99E+07	4.70E-01	
1_1941602_A_G	5.06E-01	5.91E-05	1.60E-05	-9.13E+07	1.98E+07	4.70E-01	
1_1941785_T_C	5.06E-01	5.91E-05	1.60E-05	-9.13E+07	1.98E+07	4.70E-01	
1_1941855_A_G	5.06E-01	5.91E-05	1.60E-05	-9.13E+07	1.98E+07	4.70E-01	
1_1941870_A_G	5.06E-01	5.91E-05	1.60E-05	-9.13E+07	1.98E+07	4.70E-01	
1_1941918_A_G	5.06E-01	5.91E-05	1.60E-05	-9.13E+07	1.98E+07	4.70E-01	
1_1941969_A_G	5.06E-01	5.91E-05	1.60E-05	-9.13E+07	1.98E+07	4.70E-01	
1_1942119_T_A	5.06E-01	5.91E-05	1.60E-05	-9.13E+07	1.98E+07	4.70E-01	
1_1942177_A_G	5.06E-01	5.91E-05	1.60E-05	-9.13E+07	1.98E+07	4.70E-01	
1_1942199_T_G	5.06E-01	5.91E-05	1.60E-05	-9.13E+07	1.98E+07	4.70E-01	
1_1942249_A_G	5.06E-01	5.91E-05	1.60E-05	-9.13E+07	1.98E+07	4.70E-01	
1_1942265_C_T	5.06E-01	5.91E-05	1.60E-05	-9.13E+07	1.98E+07	4.70E-01	
1_1942348_T_C	4.94E-01	1.03E-04	2.31E-05	-8.87E+07	1.96E+07	4.62E-01	
1_1942350_T_A	4.94E-01	1.03E-04	2.31E-05	-8.87E+07	1.96E+07	4.62E-01	
1_1942522_A_G	5.06E-01	5.91E-05	1.60E-05	-9.13E+07	1.98E+07	4.70E-01	
1_1942609_A_G	5.06E-01	5.91E-05	1.60E-05	-9.13E+07	1.98E+07	4.70E-01	
1_1942735_G_C	5.44E-01	3.15E-05	2.82E-05	-8.93E+07	2.00E+07	4.58E-01	
1_1942765_T_G	5.06E-01	5.91E-05	1.60E-05	-9.13E+07	1.98E+07	4.70E-01	
1_1942810_A_G	5.06E-01	5.91E-05	1.60E-05	-9.13E+07	1.98E+07	4.70E-01	
1_1942897_A_G	5.06E-01	5.91E-05	1.60E-05	-9.13E+07	1.98E+07	4.70E-01	
1_1943032_A_G	5.06E-01	5.91E-05	1.60E-05	-9.13E+07	1.98E+07	4.70E-01	
1_1943137_A_C	5.06E-01	5.91E-05	1.60E-05	-9.13E+07	1.98E+07	4.70E-01	
1_1943163_C_T	5.06E-01	5.91E-05	1.60E-05	-9.13E+07	1.98E+07	4.70E-01	
1_1943209_T_C	5.06E-01	5.91E-05	1.60E-05	-9.13E+07	1.98E+07	4.70E-01	
1_1943284_C_G	5.06E-01	5.91E-05	1.60E-05	-9.13E+07	1.98E+07	4.70E-01	
1_1943389_A_G	5.06E-01	5.91E-05	1.60E-05	-9.13E+07	1.98E+07	4.70E-01	
1_1943490_A_G	5.32E-01	2.56E-05	1.61E-05	-9.17E+07	1.99E+07	4.70E-01	
1_1943576_A_G	5.06E-01	5.91E-05	1.60E-05	-9.13E+07	1.98E+07	4.70E-01	
1_1943586_G_A	5.06E-01	5.91E-05	1.60E-05	-9.13E+07	1.98E+07	4.70E-01	
1_1943592_G_A	5.06E-01	5.91E-05	1.60E-05	-9.13E+07	1.98E+07	4.70E-01	
1_1943633_G_C	5.06E-01	5.91E-05	1.60E-05	-9.13E+07	1.98E+07	4.70E-01	
1_1944459_A_G	5.06E-01	5.91E-05	1.60E-05	-9.13E+07	1.98E+07	4.70E-01	
1_1944832_T_C	5.06E-01	5.91E-05	1.60E-05	-9.13E+07	1.98E+07	4.70E-01	
1_1944917_A_G	5.06E-01	5.91E-05	1.60E-05	-9.13E+07	1.98E+07	4.70E-01	
1_1945280_C_T	5.06E-01	5.91E-05	1.60E-05	-9.13E+07	1.98E+07	4.70E-01	
1_1945437_T_C	5.06E-01	5.91E-05	1.60E-05	-9.13E+07	1.98E+07	4.70E-01	
1_1945531_T_C	5.06E-01	5.91E-05	1.60E-05	-9.13E+07	1.98E+07	4.70E-01	
1_1945658_T_C	5.06E-01	5.91E-05	1.60E-05	-9.13E+07	1.98E+07	4.70E-01	
1_1945886_A_G	5.06E-01	5.91E-05	1.60E-05	-9.13E+07	1.98E+07	4.70E-01	
1_1946081_T_C	5.06E-01	5.91E-05	1.60E-05	-9.13E+07	1.98E+07	4.70E-01	
1_1946123_A_G	5.06E-01	5.91E-05	1.60E-05	-9.13E+07	1.98E+07	4.70E-01	
1_1946197_G_A	5.06E-01	5.91E-05	1.60E-05	-9.13E+07	1.98E+07	4.70E-01	
1_1946238_A_G	5.06E-01	5.91E-05	1.60E-05	-9.13E+07	1.98E+07	4.70E-01	
1_1946349_A_G	5.06E-01	5.91E-05	1.60E-05	-9.13E+07	1.98E+07	4.70E-01	
1_1946364_A_G	5.06E-01	5.91E-05	1.60E-05	-9.13E+07	1.98E+07	4.70E-01	
1_1946400_A_G	5.06E-01	5.91E-05	1.60E-05	-9.13E+07	1.98E+07	4.70E-01	
1_1946472_A_G	5.06E-01	5.91E-05	1.60E-05	-9.13E+07	1.98E+07	4.70E-01	
1_1946565_T_C	5.06E-01	5.91E-05	1.60E-05	-9.13E+07	1.98E+07	4.70E-01	
1_1946605_A_G	5.06E-01	5.91E-05	1.60E-05	-9.13E+07	1.98E+07	4.70E-01	
1_1946841_G_A	5.06E-01	5.91E-05	1.60E-05	-9.13E+07	1.98E+07	4.70E-01	
1_1946879_A_C	5.32E-01	2.56E-05	1.61E-05	-9.17E+07	1.99E+07	4.70E-01	
1_1946916_A_G	5.06E-01	5.91E-05	1.60E-05	-9.13E+07	1.98E+07	4.70E-01	
1_1946925_A_G	5.06E-01	5.91E-05	1.60E-05	-9.13E+07	1.98E+07	4.70E-01	
1_1946972_T_C	5.06E-01	5.91E-05	1.60E-05	-9.13E+07	1.98E+07	4.70E-01	
1_1947067_A_G	5.06E-01	5.91E-05	1.60E-05	-9.13E+07	1.98E+07	4.70E-01	
1_1947115_A_G	5.06E-01	5.91E-05	1.60E-05	-9.13E+07	1.98E+07	4.70E-01	
1_1947223_G_A	5.06E-01	5.91E-05	1.60E-05	-9.13E+07	1.98E+07	4.70E-01	
1_1947249_G_A	5.06E-01	5.91E-05	1.60E-05	-9.13E+07	1.98E+07	4.70E-01	
1_1947319_T_C	5.06E-01	5.91E-05	1.60E-05	-9.13E+07	1.98E+07	4.70E-01	
1_1947732_A_G	5.06E-01	5.91E-05	1.60E-05	-9.13E+07	1.98E+07	4.70E-01	
1_1947861_T_C	5.06E-01	5.91E-05	1.60E-05	-9.13E+07	1.98E+07	4.70E-01	
1_1947945_A_G	5.06E-01	5.91E-05	1.60E-05	-9.13E+07	1.98E+07	4.70E-01	
1_1947999_G_A	5.06E-01	5.91E-05	1.60E-05	-9.13E+07	1.98E+07	4.70E-01	
1_1948089_A_G	5.06E-01	5.91E-05	1.60E-05	-9.13E+07	1.98E+07	4.70E-01	
1_1948110_A_G	5.06E-01	5.91E-05	1.60E-05	-9.13E+07	1.98E+07	4.70E-01	
1_1948113_T_C	5.06E-01	5.91E-05	1.60E-05	-9.13E+07	1.98E+07	4.70E-01	
1_1948221_T_C	5.06E-01	5.91E-05	1.60E-05	-9.13E+07	1.98E+07	4.70E-01	
1_1948278_C_G	5.06E-01	5.91E-05	1.60E-05	-9.13E+07	1.98E+07	4.70E-01	
1_1948296_G_A	5.06E-01	5.91E-05	1.60E-05	-9.13E+07	1.98E+07	4.70E-01	
1_1948353_A_G	5.06E-01	5.91E-05	1.60E-05	-9.13E+07	1.98E+07	4.70E-01	
1_1948443_A_G	5.06E-01	5.91E-05	1.60E-05	-9.13E+07	1.98E+07	4.70E-01	
1_1948626_A_G	5.06E-01	5.91E-05	1.60E-05	-9.13E+07	1.98E+07	4.70E-01	
1_1948698_C_A	5.06E-01	5.91E-05	1.60E-05	-9.13E+07	1.98E+07	4.70E-01	
1_1948794_A_G	5.06E-01	5.91E-05	1.60E-05	-9.13E+07	1.98E+07	4.70E-01	
1_1948830_G_A	5.06E-01	5.91E-05	1.60E-05	-9.13E+07	1.98E+07	4.70E-01	
1_1949074_T_C	5.06E-01	5.91E-05	1.60E-05	-9.13E+07	1.98E+07	4.70E-01	
1_1949189_G_A	5.06E-01	5.91E-05	1.60E-05	-9.13E+07	1.98E+07	4.70E-01	
1_1949253_C_T	5.06E-01	5.91E-05	1.60E-05	-9.13E+07	1.98E+07	4.70E-01	
1_1949278_G_A	5.06E-01	5.91E-05	1.60E-05	-9.13E+07	1.98E+07	4.70E-01	
1_1949482_G_A	5.06E-01	5.91E-05	1.60E-05	-9.13E+07	1.98E+07	4.70E-01	
1_1949500_T_C	5.06E-01	5.91E-05	1.60E-05	-9.13E+07	1.98E+07	4.70E-01	
1_1949571_A_G	5.06E-01	5.91E-05	1.60E-05	-9.13E+07	1.98E+07	4.70E-01	
1_1949642_A_G	5.06E-01	5.91E-05	1.60E-05	-9.13E+07	1.98E+07	4.70E-01	
1_1949775_A_G	5.06E-01	5.91E-05	1.60E-05	-9.13E+07	1.98E+07	4.70E-01	
1_1949782_G_A	5.06E-01	5.91E-05	1.60E-05	-9.13E+07	1.98E+07	4.70E-01	
1_1949919_G_C	5.06E-01	5.91E-05	1.60E-05	-9.13E+07	1.98E+07	4.70E-01	
1_1950492_A_C	5.06E-01	5.91E-05	1.60E-05	-9.13E+07	1.98E+07	4.70E-01	
1_1950516_A_G	5.06E-01	5.91E-05	1.60E-05	-9.13E+07	1.98E+07	4.70E-01	
1_1950588_C_G	5.06E-01	5.91E-05	1.60E-05	-9.13E+07	1.98E+07	4.70E-01	
1_1950645_G_A	5.06E-01	5.91E-05	1.60E-05	-9.13E+07	1.98E+07	4.70E-01	
1_1950672_A_G	5.06E-01	5.91E-05	1.60E-05	-9.13E+07	1.98E+07	4.70E-01	
1_1950684_A_G	5.06E-01	5.91E-05	1.60E-05	-9.13E+07	1.98E+07	4.70E-01	
1_1950978_A_G	5.06E-01	5.91E-05	1.60E-05	-9.13E+07	1.98E+07	4.70E-01	
1_1951041_A_G	5.06E-01	5.91E-05	1.60E-05	-9.13E+07	1.98E+07	4.70E-01	
1_1951050_T_C	5.06E-01	5.91E-05	1.60E-05	-9.13E+07	1.98E+07	4.70E-01	
1_1951109_C_T	5.06E-01	5.91E-05	1.60E-05	-9.13E+07	1.98E+07	4.70E-01	
1_1951163_C_T	5.06E-01	5.91E-05	1.60E-05	-9.13E+07	1.98E+07	4.70E-01	
1_1951267_G_C	5.06E-01	5.91E-05	1.60E-05	-9.13E+07	1.98E+07	4.70E-01	
1_1951303_G_T	5.06E-01	5.91E-05	1.60E-05	-9.13E+07	1.98E+07	4.70E-01	
1_1951348_G_A	5.06E-01	5.91E-05	1.60E-05	-9.13E+07	1.98E+07	4.70E-01	
1_1951937_C_T	5.32E-01	2.56E-05	1.61E-05	-9.17E+07	1.99E+07	4.70E-01	
1_1951941_G_A	5.32E-01	2.56E-05	1.61E-05	-9.17E+07	1.99E+07	4.70E-01	
1_1951942_T_C	5.32E-01	2.56E-05	1.61E-05	-9.17E+07	1.99E+07	4.70E-01	
1_1958554_G_T	5.32E-01	2.56E-05	1.61E-05	-9.17E+07	1.99E+07	4.70E-01	
1_1988921_T_C	5.44E-01	3.15E-05	2.82E-05	-8.93E+07	2.00E+07	4.58E-01	
1_2027882_C_T	5.32E-01	2.56E-05	1.61E-05	-9.17E+07	1.99E+07	4.70E-01	
1_2031128_A_G	5.32E-01	2.56E-05	1.61E-05	-9.17E+07	1.99E+07	4.70E-01	
1_2044865_G_A	5.32E-01	2.56E-05	1.61E-05	-9.17E+07	1.99E+07	4.70E-01	
1_2061908_T_C	5.44E-01	3.15E-05	2.82E-05	-8.93E+07	2.00E+07	4.58E-01	
1_2069401_T_C	5.32E-01	2.56E-05	1.61E-05	-9.17E+07	1.99E+07	4.70E-01	
1_2069565_T_C	5.06E-01	5.91E-05	1.60E-05	-9.13E+07	1.98E+07	4.70E-01	
1_2069587_T_C	5.06E-01	5.91E-05	1.60E-05	-9.13E+07	1.98E+07	4.70E-01	
1_2069602_A_G	5.06E-01	5.91E-05	1.60E-05	-9.13E+07	1.98E+07	4.70E-01	
1_2069706_T_C	5.06E-01	5.91E-05	1.60E-05	-9.13E+07	1.98E+07	4.70E-01	
1_2069741_A_G	5.06E-01	5.91E-05	1.60E-05	-9.13E+07	1.98E+07	4.70E-01	
1_2069743_A_G	5.06E-01	5.91E-05	1.60E-05	-9.13E+07	1.98E+07	4.70E-01	
1_2069942_T_C	5.06E-01	5.91E-05	1.60E-05	-9.13E+07	1.98E+07	4.70E-01	
1_2070046_T_C	5.06E-01	5.91E-05	1.60E-05	-9.13E+07	1.98E+07	4.70E-01	
1_2070064_G_A	5.06E-01	5.91E-05	1.60E-05	-9.13E+07	1.98E+07	4.70E-01	
1_2070104_C_G	5.32E-01	2.56E-05	1.61E-05	-9.17E+07	1.99E+07	4.70E-01	
1_2070185_A_G	5.32E-01	2.56E-05	1.61E-05	-9.17E+07	1.99E+07	4.70E-01	
1_2070270_G_A	5.32E-01	2.56E-05	1.61E-05	-9.17E+07	1.99E+07	4.70E-01	
1_2070294_T_G	5.06E-01	5.91E-05	1.60E-05	-9.13E+07	1.98E+07	4.70E-01	
1_2070355_A_G	5.06E-01	5.91E-05	1.60E-05	-9.13E+07	1.98E+07	4.70E-01	
1_2070463_G_A	5.06E-01	5.91E-05	1.60E-05	-9.13E+07	1.98E+07	4.70E-01	
1_2070466_A_C	5.06E-01	5.91E-05	1.60E-05	-9.13E+07	1.98E+07	4.70E-01	
1_2070526_G_A	5.06E-01	5.91E-05	1.60E-05	-9.13E+07	1.98E+07	4.70E-01	
1_2070550_G_A	5.06E-01	5.91E-05	1.60E-05	-9.13E+07	1.98E+07	4.70E-01	
1_2070553_C_T	5.06E-01	5.91E-05	1.60E-05	-9.13E+07	1.98E+07	4.70E-01	
1_2070560_G_C	5.06E-01	5.91E-05	1.60E-05	-9.13E+07	1.98E+07	4.70E-01	
1_2070597_T_C	5.06E-01	5.91E-05	1.60E-05	-9.13E+07	1.98E+07	4.70E-01	
1_2070605_A_G	5.06E-01	5.91E-05	1.60E-05	-9.13E+07	1.98E+07	4.70E-01	
1_2070622_T_C	5.06E-01	5.91E-05	1.60E-05	-9.13E+07	1.98E+07	4.70E-01	
1_2070718_G_A	5.06E-01	5.91E-05	1.60E-05	-9.13E+07	1.98E+07	4.70E-01	
1_2070793_T_G	5.06E-01	5.91E-05	1.60E-05	-9.13E+07	1.98E+07	4.70E-01	
1_2070968_C_G	5.06E-01	5.91E-05	1.60E-05	-9.13E+07	1.98E+07	4.70E-01	
1_2071022_A_G	5.06E-01	5.91E-05	1.60E-05	-9.13E+07	1.98E+07	4.70E-01	
1_2071052_T_C	5.06E-01	5.91E-05	1.60E-05	-9.13E+07	1.98E+07	4.70E-01	
1_2071065_A_G	5.06E-01	5.91E-05	1.60E-05	-9.13E+07	1.98E+07	4.70E-01	
1_2071092_A_G	5.06E-01	5.91E-05	1.60E-05	-9.13E+07	1.98E+07	4.70E-01	
1_2071103_A_C	5.06E-01	5.91E-05	1.60E-05	-9.13E+07	1.98E+07	4.70E-01	
1_2071161_T_C	5.06E-01	5.91E-05	1.60E-05	-9.13E+07	1.98E+07	4.70E-01	
1_2071205_A_G	5.06E-01	5.91E-05	1.60E-05	-9.13E+07	1.98E+07	4.70E-01	
1_2071252_G_A	5.06E-01	5.91E-05	1.60E-05	-9.13E+07	1.98E+07	4.70E-01	
1_2071404_A_G	5.06E-01	5.91E-05	1.60E-05	-9.13E+07	1.98E+07	4.70E-01	
1_2071514_G_C	5.06E-01	5.91E-05	1.60E-05	-9.13E+07	1.98E+07	4.70E-01	
1_2071546_T_C	5.06E-01	5.91E-05	1.60E-05	-9.13E+07	1.98E+07	4.70E-01	
1_2071562_C_T	5.06E-01	5.91E-05	1.60E-05	-9.13E+07	1.98E+07	4.70E-01	
1_2071660_A_G	5.06E-01	5.91E-05	1.60E-05	-9.13E+07	1.98E+07	4.70E-01	
1_2071691_A_G	5.06E-01	5.91E-05	1.60E-05	-9.13E+07	1.98E+07	4.70E-01	
1_2071781_A_G	5.06E-01	5.91E-05	1.60E-05	-9.13E+07	1.98E+07	4.70E-01	
1_2071796_G_A	5.32E-01	2.56E-05	1.61E-05	-9.17E+07	1.99E+07	4.70E-01	
1_2071799_A_G	5.06E-01	5.91E-05	1.60E-05	-9.13E+07	1.98E+07	4.70E-01	
1_2071817_A_G	5.06E-01	5.91E-05	1.60E-05	-9.13E+07	1.98E+07	4.70E-01	
1_2071919_C_T	5.06E-01	5.91E-05	1.60E-05	-9.13E+07	1.98E+07	4.70E-01	
1_2072003_G_A	5.06E-01	5.91E-05	1.60E-05	-9.13E+07	1.98E+07	4.70E-01	
1_2072090_C_T	5.06E-01	5.91E-05	1.60E-05	-9.13E+07	1.98E+07	4.70E-01	
1_2072132_A_G	5.06E-01	5.91E-05	1.60E-05	-9.13E+07	1.98E+07	4.70E-01	
1_2072177_A_G	5.06E-01	5.91E-05	1.60E-05	-9.13E+07	1.98E+07	4.70E-01	
1_2072222_A_G	5.06E-01	5.91E-05	1.60E-05	-9.13E+07	1.98E+07	4.70E-01	
1_2072225_C_T	5.06E-01	5.91E-05	1.60E-05	-9.13E+07	1.98E+07	4.70E-01	
1_2072584_T_C	5.06E-01	5.91E-05	1.60E-05	-9.13E+07	1.98E+07	4.70E-01	
1_2072734_T_C	5.06E-01	5.91E-05	1.60E-05	-9.13E+07	1.98E+07	4.70E-01	
1_2072997_T_C	5.06E-01	5.91E-05	1.60E-05	-9.13E+07	1.98E+07	4.70E-01	
1_2073039_G_A	5.06E-01	5.91E-05	1.60E-05	-9.13E+07	1.98E+07	4.70E-01	
1_2073123_T_C	5.06E-01	5.91E-05	1.60E-05	-9.13E+07	1.98E+07	4.70E-01	
1_2073147_T_C	5.06E-01	5.91E-05	1.60E-05	-9.13E+07	1.98E+07	4.70E-01	
1_2073162_G_C	5.06E-01	5.91E-05	1.60E-05	-9.13E+07	1.98E+07	4.70E-01	
1_2073256_A_G	5.06E-01	5.91E-05	1.60E-05	-9.13E+07	1.98E+07	4.70E-01	
1_2076462_G_C	5.44E-01	3.15E-05	2.82E-05	-8.93E+07	2.00E+07	4.58E-01	
1_2083278_T_G	5.32E-01	2.56E-05	1.61E-05	-9.17E+07	1.99E+07	4.70E-01	
1_2083313_T_C	5.44E-01	3.15E-05	2.82E-05	-8.93E+07	2.00E+07	4.58E-01	
1_2090379_A_C	5.32E-01	2.56E-05	1.61E-05	-9.17E+07	1.99E+07	4.70E-01	
1_2091227_T_C	5.06E-01	5.91E-05	1.60E-05	-9.13E+07	1.98E+07	4.70E-01	
1_2091536_G_A	5.06E-01	5.91E-05	1.60E-05	-9.13E+07	1.98E+07	4.70E-01	
1_2091560_C_A	5.06E-01	5.91E-05	1.60E-05	-9.13E+07	1.98E+07	4.70E-01	
1_2091755_G_A	5.06E-01	5.91E-05	1.60E-05	-9.13E+07	1.98E+07	4.70E-01	
1_2092029_A_G	5.32E-01	2.56E-05	1.61E-05	-9.17E+07	1.99E+07	4.70E-01	
1_2092030_A_G	5.32E-01	2.56E-05	1.61E-05	-9.17E+07	1.99E+07	4.70E-01	
1_2099894_T_C	5.32E-01	2.56E-05	1.61E-05	-9.17E+07	1.99E+07	4.70E-01	
1_2112555_G_A	5.32E-01	2.56E-05	1.61E-05	-9.17E+07	1.99E+07	4.70E-01	
1_2122855_C_T	5.19E-01	8.68E-06	4.62E-06	-9.64E+07	1.95E+07	4.95E-01	
1_2130920_G_A	4.94E-01	2.10E-05	4.62E-06	-9.59E+07	1.94E+07	4.95E-01	
1_2136639_A_G	4.94E-01	2.10E-05	4.62E-06	-9.59E+07	1.94E+07	4.95E-01	
1_2137850_C_T	4.43E-01	9.68E-04	2.44E-05	-9.06E+07	2.01E+07	4.61E-01	
1_2137981_A_G	5.19E-01	8.68E-06	4.62E-06	-9.64E+07	1.95E+07	4.95E-01	
1_2138055_T_C	5.19E-01	8.68E-06	4.62E-06	-9.64E+07	1.95E+07	4.95E-01	
1_2138102_T_C	5.19E-01	8.68E-06	4.62E-06	-9.64E+07	1.95E+07	4.95E-01	
1_2138176_A_C	4.94E-01	2.10E-05	4.62E-06	-9.59E+07	1.94E+07	4.95E-01	
1_2138222_C_T	4.43E-01	9.68E-04	2.44E-05	-9.06E+07	2.01E+07	4.61E-01	
1_2138488_G_A	4.43E-01	9.68E-04	2.44E-05	-9.06E+07	2.01E+07	4.61E-01	
1_2139095_G_C	5.19E-01	8.68E-06	4.62E-06	-9.64E+07	1.95E+07	4.95E-01	
1_2139405_A_G	5.19E-01	8.68E-06	4.62E-06	-9.64E+07	1.95E+07	4.95E-01	
1_2139419_T_C	5.19E-01	8.68E-06	4.62E-06	-9.64E+07	1.95E+07	4.95E-01	
1_2139479_G_C	5.19E-01	8.68E-06	4.62E-06	-9.64E+07	1.95E+07	4.95E-01	
1_2139719_C_T	4.43E-01	9.68E-04	2.44E-05	-9.06E+07	2.01E+07	4.61E-01	
1_2139890_A_G	5.19E-01	8.68E-06	4.62E-06	-9.64E+07	1.95E+07	4.95E-01	
1_2139962_A_G	5.19E-01	8.68E-06	4.62E-06	-9.64E+07	1.95E+07	4.95E-01	
1_2140268_A_G	5.19E-01	8.68E-06	4.62E-06	-9.64E+07	1.95E+07	4.95E-01	
1_2140339_C_T	5.19E-01	8.68E-06	4.62E-06	-9.64E+07	1.95E+07	4.95E-01	
1_2140418_A_G	5.19E-01	8.68E-06	4.62E-06	-9.64E+07	1.95E+07	4.95E-01	
1_2140432_A_G	5.19E-01	8.68E-06	4.62E-06	-9.64E+07	1.95E+07	4.95E-01	
1_2140434_C_T	5.19E-01	8.68E-06	4.62E-06	-9.64E+07	1.95E+07	4.95E-01	
1_2140488_C_T	5.19E-01	8.68E-06	4.62E-06	-9.64E+07	1.95E+07	4.95E-01	
1_2140523_T_C	5.19E-01	8.68E-06	4.62E-06	-9.64E+07	1.95E+07	4.95E-01	
1_2140537_G_A	4.43E-01	9.68E-04	2.44E-05	-9.06E+07	2.01E+07	4.61E-01	
1_2140724_A_G	5.19E-01	8.68E-06	4.62E-06	-9.64E+07	1.95E+07	4.95E-01	
1_2140758_G_C	4.43E-01	9.68E-04	2.44E-05	-9.06E+07	2.01E+07	4.61E-01	
1_2141188_G_A	4.43E-01	9.68E-04	2.44E-05	-9.06E+07	2.01E+07	4.61E-01	
1_2143804_T_C	5.19E-01	8.68E-06	4.62E-06	-9.64E+07	1.95E+07	4.95E-01	
1_2146373_C_T	5.19E-01	8.68E-06	4.62E-06	-9.64E+07	1.95E+07	4.95E-01	
1_2151627_G_C	5.19E-01	8.68E-06	4.62E-06	-9.64E+07	1.95E+07	4.95E-01	
1_2152862_T_G	5.19E-01	8.68E-06	4.62E-06	-9.64E+07	1.95E+07	4.95E-01	
1_2153950_G_A	5.19E-01	8.68E-06	4.62E-06	-9.64E+07	1.95E+07	4.95E-01	
1_2157610_T_C	5.19E-01	8.68E-06	4.62E-06	-9.64E+07	1.95E+07	4.95E-01	
1_2158887_G_A	4.43E-01	9.68E-04	2.44E-05	-9.06E+07	2.01E+07	4.61E-01	
1_2159534_C_T	5.19E-01	8.68E-06	4.62E-06	-9.64E+07	1.95E+07	4.95E-01	
1_2163926_G_C	5.19E-01	8.68E-06	4.62E-06	-9.64E+07	1.95E+07	4.95E-01	
1_2176436_A_G	5.19E-01	8.68E-06	4.62E-06	-9.64E+07	1.95E+07	4.95E-01	
1_2195308_C_T	4.94E-01	2.10E-05	4.62E-06	-9.59E+07	1.94E+07	4.95E-01	
1_2206926_G_T	5.19E-01	8.68E-06	4.62E-06	-9.64E+07	1.95E+07	4.95E-01	
1_2208665_A_G	5.19E-01	8.68E-06	4.62E-06	-9.64E+07	1.95E+07	4.95E-01	
1_2215713_C_G	5.19E-01	8.68E-06	4.62E-06	-9.64E+07	1.95E+07	4.95E-01	
1_2222317_T_C	5.19E-01	8.68E-06	4.62E-06	-9.64E+07	1.95E+07	4.95E-01	
1_2229747_A_C	5.19E-01	8.68E-06	4.62E-06	-9.64E+07	1.95E+07	4.95E-01	
1_2230549_A_G	4.81E-01	3.84E-06	1.41E-05	-9.27E+07	2.00E+07	4.73E-01	
1_2231065_T_G	4.81E-01	3.84E-06	1.41E-05	-9.27E+07	2.00E+07	4.73E-01	
1_2231855_C_T	4.81E-01	3.84E-06	1.41E-05	-9.27E+07	2.00E+07	4.73E-01	
1_2241240_A_G	5.19E-01	8.68E-06	4.62E-06	-9.64E+07	1.95E+07	4.95E-01	
1_2247119_A_G	5.19E-01	8.68E-06	4.62E-06	-9.64E+07	1.95E+07	4.95E-01	
1_2247347_A_G	5.19E-01	8.68E-06	4.62E-06	-9.64E+07	1.95E+07	4.95E-01	
1_2249212_T_C	5.19E-01	8.68E-06	4.62E-06	-9.64E+07	1.95E+07	4.95E-01	
1_2249213_G_A	5.19E-01	8.68E-06	4.62E-06	-9.64E+07	1.95E+07	4.95E-01	
1_2249224_A_G	5.19E-01	8.68E-06	4.62E-06	-9.64E+07	1.95E+07	4.95E-01	
1_2249250_A_G	5.19E-01	8.68E-06	4.62E-06	-9.64E+07	1.95E+07	4.95E-01	
1_2250448_C_T	5.19E-01	8.68E-06	4.62E-06	-9.64E+07	1.95E+07	4.95E-01	
1_2250466_A_G	5.19E-01	8.68E-06	4.62E-06	-9.64E+07	1.95E+07	4.95E-01	
1_2250496_A_G	5.19E-01	8.68E-06	4.62E-06	-9.64E+07	1.95E+07	4.95E-01	
1_2250547_A_G	5.19E-01	8.68E-06	4.62E-06	-9.64E+07	1.95E+07	4.95E-01	
1_2250633_A_G	5.19E-01	8.68E-06	4.62E-06	-9.64E+07	1.95E+07	4.95E-01	
1_2250673_A_G	5.19E-01	8.68E-06	4.62E-06	-9.64E+07	1.95E+07	4.95E-01	
1_2289976_T_C	5.19E-01	8.68E-06	4.62E-06	-9.64E+07	1.95E+07	4.95E-01	
1_2313401_G_A	5.19E-01	8.68E-06	4.62E-06	-9.64E+07	1.95E+07	4.95E-01	
1_2314156_A_G	5.19E-01	8.68E-06	4.62E-06	-9.64E+07	1.95E+07	4.95E-01	
1_2316332_T_C	5.19E-01	8.68E-06	4.62E-06	-9.64E+07	1.95E+07	4.95E-01	
1_2335159_T_C	5.19E-01	8.68E-06	4.62E-06	-9.64E+07	1.95E+07	4.95E-01	
1_2342866_T_C	5.19E-01	8.68E-06	4.62E-06	-9.64E+07	1.95E+07	4.95E-01	
1_2350995_T_C	5.19E-01	8.68E-06	4.62E-06	-9.64E+07	1.95E+07	4.95E-01	
1_2485807_T_C	5.82E-01	5.77E-05	2.85E-05	-8.97E+07	2.01E+07	4.58E-01	
1_2489702_A_G	5.82E-01	5.77E-05	2.85E-05	-8.97E+07	2.01E+07	4.58E-01	
1_2491564_T_C	5.82E-01	5.77E-05	2.85E-05	-8.97E+07	2.01E+07	4.58E-01	
