1_151506_C_T	6.33E-02	2.05E-01	1.56E-05	4.17E+06	9.02E+05	4.71E-01	
1_282217_A_G	8.86E-02	1.28E-01	1.53E-05	4.17E+06	9.01E+05	4.71E-01	
1_677554_T_C	8.86E-02	1.28E-01	1.53E-05	4.17E+06	9.01E+05	4.71E-01	
1_835655_G_A	8.86E-02	1.28E-01	1.53E-05	4.17E+06	9.01E+05	4.71E-01	
1_1327126_C_T	8.86E-02	1.28E-01	1.53E-05	4.17E+06	9.01E+05	4.71E-01	
1_1578999_G_A	6.33E-02	2.05E-01	1.56E-05	4.17E+06	9.02E+05	4.71E-01	
1_1974565_G_A	6.33E-02	2.05E-01	1.56E-05	4.17E+06	9.02E+05	4.71E-01	
1_2080899_C_T	6.33E-02	2.05E-01	1.56E-05	4.17E+06	9.02E+05	4.71E-01	
1_2161856_G_A	6.33E-02	2.05E-01	1.56E-05	4.17E+06	9.02E+05	4.71E-01	
1_2260235_C_T	6.33E-02	2.05E-01	1.56E-05	4.17E+06	9.02E+05	4.71E-01	
