1_19971_A_T	6.20E-01	4.17E-11	1.23E-05	1.44E+07	3.07E+06	4.76E-01	
1_39949_C_T	4.30E-01	9.20E-05	2.07E-05	1.42E+07	3.12E+06	4.65E-01	
1_39950_T_G	4.30E-01	9.20E-05	2.07E-05	1.42E+07	3.12E+06	4.65E-01	
1_39952_A_G	4.30E-01	9.20E-05	2.07E-05	1.42E+07	3.12E+06	4.65E-01	
1_40003_T_C	3.54E-01	2.68E-07	2.04E-05	1.42E+07	3.12E+06	4.65E-01	
1_40465_C_T	3.54E-01	2.68E-07	2.04E-05	1.42E+07	3.12E+06	4.65E-01	
1_40632_T_G	4.30E-01	9.20E-05	2.07E-05	1.42E+07	3.12E+06	4.65E-01	
1_40712_A_G	3.54E-01	2.68E-07	2.04E-05	1.42E+07	3.12E+06	4.65E-01	
1_41239_G_A	3.54E-01	2.68E-07	2.04E-05	1.42E+07	3.12E+06	4.65E-01	
1_41300_C_T	3.54E-01	2.68E-07	2.04E-05	1.42E+07	3.12E+06	4.65E-01	
1_95498_A_*	3.92E-01	3.47E-14	7.87E-06	-1.48E+07	3.07E+06	4.85E-01	
1_108630_G_T	3.42E-01	8.68E-14	7.85E-06	-1.48E+07	3.07E+06	4.85E-01	
1_111426_C_T	4.18E-01	5.29E-15	7.76E-06	-1.48E+07	3.07E+06	4.85E-01	
1_124221_A_G	4.18E-01	5.29E-15	7.76E-06	-1.48E+07	3.07E+06	4.85E-01	
1_136660_G_A	3.67E-01	2.08E-14	7.83E-06	-1.48E+07	3.07E+06	4.85E-01	
1_136669_T_C	4.18E-01	5.29E-15	7.76E-06	-1.48E+07	3.07E+06	4.85E-01	
1_136675_A_G	4.18E-01	5.29E-15	7.76E-06	-1.48E+07	3.07E+06	4.85E-01	
1_136678_G_A	4.18E-01	5.29E-15	7.76E-06	-1.48E+07	3.07E+06	4.85E-01	
1_136693_C_G	3.67E-01	2.08E-14	7.83E-06	-1.48E+07	3.07E+06	4.85E-01	
1_136705_C_T	3.67E-01	2.08E-14	7.83E-06	-1.48E+07	3.07E+06	4.85E-01	
1_137466_T_C	4.18E-01	5.29E-15	7.76E-06	-1.48E+07	3.07E+06	4.85E-01	
1_137529_A_G	3.67E-01	2.08E-14	7.83E-06	-1.48E+07	3.07E+06	4.85E-01	
1_137557_T_C	4.18E-01	5.29E-15	7.76E-06	-1.48E+07	3.07E+06	4.85E-01	
1_137586_A_G	4.18E-01	5.29E-15	7.76E-06	-1.48E+07	3.07E+06	4.85E-01	
1_137619_A_C	3.67E-01	2.08E-14	7.83E-06	-1.48E+07	3.07E+06	4.85E-01	
1_140912_A_G	4.18E-01	5.29E-15	7.76E-06	-1.48E+07	3.07E+06	4.85E-01	
1_140948_C_T	3.67E-01	2.08E-14	7.83E-06	-1.48E+07	3.07E+06	4.85E-01	
1_141008_G_A	3.67E-01	2.08E-14	7.83E-06	-1.48E+07	3.07E+06	4.85E-01	
1_142134_T_C	4.18E-01	5.29E-15	7.76E-06	-1.48E+07	3.07E+06	4.85E-01	
1_142143_C_T	3.67E-01	2.08E-14	7.83E-06	-1.48E+07	3.07E+06	4.85E-01	
1_142185_C_T	3.67E-01	2.08E-14	7.83E-06	-1.48E+07	3.07E+06	4.85E-01	
1_146726_A_T	3.67E-01	2.08E-14	7.83E-06	-1.48E+07	3.07E+06	4.85E-01	
1_147853_T_C	4.18E-01	5.29E-15	7.76E-06	-1.48E+07	3.07E+06	4.85E-01	
1_152578_G_T	3.67E-01	2.08E-14	7.83E-06	-1.48E+07	3.07E+06	4.85E-01	
1_152817_C_T	4.18E-01	5.29E-15	7.76E-06	-1.48E+07	3.07E+06	4.85E-01	
1_152838_T_C	4.18E-01	5.29E-15	7.76E-06	-1.48E+07	3.07E+06	4.85E-01	
1_152843_C_T	4.18E-01	5.29E-15	7.76E-06	-1.48E+07	3.07E+06	4.85E-01	
1_152859_T_C	4.18E-01	5.29E-15	7.76E-06	-1.48E+07	3.07E+06	4.85E-01	
1_152883_G_T	4.18E-01	5.29E-15	7.76E-06	-1.48E+07	3.07E+06	4.85E-01	
1_154833_G_A	4.18E-01	5.29E-15	7.76E-06	-1.48E+07	3.07E+06	4.85E-01	
1_162021_A_G	4.18E-01	5.29E-15	7.76E-06	-1.48E+07	3.07E+06	4.85E-01	
1_191020_C_*	3.67E-01	2.08E-14	7.83E-06	-1.48E+07	3.07E+06	4.85E-01	
1_198125_G_A	3.42E-01	8.68E-14	7.85E-06	-1.48E+07	3.07E+06	4.85E-01	
1_215601_T_C	4.18E-01	5.29E-15	7.76E-06	-1.48E+07	3.07E+06	4.85E-01	
1_215736_G_A	4.18E-01	5.29E-15	7.76E-06	-1.48E+07	3.07E+06	4.85E-01	
1_402952_C_T	3.29E-01	1.89E-06	3.86E-06	1.51E+07	3.02E+06	4.99E-01	
1_417360_T_C	2.03E-01	1.62E-05	9.08E-06	1.37E+07	2.88E+06	4.82E-01	
1_502022_T_*	4.05E-01	4.78E-14	2.90E-06	-1.51E+07	2.99E+06	5.04E-01	
1_581418_G_T	3.54E-01	1.15E-13	2.75E-05	-1.32E+07	2.95E+06	4.58E-01	
1_583504_G_A	3.54E-01	1.15E-13	2.75E-05	-1.32E+07	2.95E+06	4.58E-01	
1_583864_C_T	3.54E-01	1.15E-13	2.75E-05	-1.32E+07	2.95E+06	4.58E-01	
1_592489_C_T	3.54E-01	6.26E-14	2.86E-06	-1.55E+07	3.06E+06	5.05E-01	
1_605600_T_G	3.54E-01	1.15E-13	2.75E-05	-1.32E+07	2.95E+06	4.58E-01	
1_611956_A_G	3.54E-01	1.15E-13	2.75E-05	-1.32E+07	2.95E+06	4.58E-01	
1_618831_C_T	3.54E-01	1.15E-13	2.75E-05	-1.32E+07	2.95E+06	4.58E-01	
1_619005_C_T	3.54E-01	1.15E-13	2.75E-05	-1.32E+07	2.95E+06	4.58E-01	
1_635780_A_T	3.54E-01	1.15E-13	2.75E-05	-1.32E+07	2.95E+06	4.58E-01	
1_641990_T_C	3.54E-01	1.15E-13	2.75E-05	-1.32E+07	2.95E+06	4.58E-01	
1_643569_C_T	3.54E-01	1.15E-13	2.75E-05	-1.32E+07	2.95E+06	4.58E-01	
1_645984_C_T	3.67E-01	9.97E-14	9.77E-07	-1.59E+07	2.97E+06	5.24E-01	
1_652757_C_G	3.54E-01	1.15E-13	2.75E-05	-1.32E+07	2.95E+06	4.58E-01	
1_655125_C_T	3.80E-01	1.09E-11	2.82E-05	-1.29E+07	2.90E+06	4.58E-01	
1_671708_C_T	3.54E-01	1.15E-13	2.75E-05	-1.32E+07	2.95E+06	4.58E-01	
1_681488_G_T	3.54E-01	1.15E-13	2.75E-05	-1.32E+07	2.95E+06	4.58E-01	
1_707677_A_G	3.54E-01	1.15E-13	2.75E-05	-1.32E+07	2.95E+06	4.58E-01	
1_715147_G_A	3.54E-01	1.15E-13	2.75E-05	-1.32E+07	2.95E+06	4.58E-01	
1_738532_T_C	3.54E-01	1.15E-13	2.75E-05	-1.32E+07	2.95E+06	4.58E-01	
1_751636_G_A	3.54E-01	1.15E-13	2.75E-05	-1.32E+07	2.95E+06	4.58E-01	
1_756843_C_T	3.54E-01	1.15E-13	2.75E-05	-1.32E+07	2.95E+06	4.58E-01	
1_757985_A_G	3.54E-01	1.15E-13	2.75E-05	-1.32E+07	2.95E+06	4.58E-01	
1_766995_G_C	3.54E-01	1.15E-13	2.75E-05	-1.32E+07	2.95E+06	4.58E-01	
1_778303_C_T	3.54E-01	1.15E-13	2.75E-05	-1.32E+07	2.95E+06	4.58E-01	
1_789960_C_T	4.43E-01	5.00E-13	1.57E-05	-1.32E+07	2.87E+06	4.71E-01	
1_799062_A_G	3.54E-01	1.15E-13	2.75E-05	-1.32E+07	2.95E+06	4.58E-01	
1_800265_G_T	3.54E-01	1.15E-13	2.75E-05	-1.32E+07	2.95E+06	4.58E-01	
1_800940_C_T	3.54E-01	1.15E-13	2.75E-05	-1.32E+07	2.95E+06	4.58E-01	
1_820350_G_T	3.54E-01	1.15E-13	2.75E-05	-1.32E+07	2.95E+06	4.58E-01	
1_826526_T_A	3.54E-01	1.15E-13	2.75E-05	-1.32E+07	2.95E+06	4.58E-01	
1_836816_G_A	3.54E-01	1.15E-13	2.75E-05	-1.32E+07	2.95E+06	4.58E-01	
1_840900_A_G	4.30E-01	4.95E-15	2.72E-05	-1.32E+07	2.94E+06	4.59E-01	
1_856720_A_G	5.06E-01	5.57E-05	2.27E-05	-1.40E+07	3.10E+06	4.63E-01	
1_856801_T_C	5.82E-01	2.70E-14	9.79E-07	1.59E+07	2.97E+06	5.24E-01	
1_860618_G_A	3.54E-01	1.15E-13	2.75E-05	-1.32E+07	2.95E+06	4.58E-01	
1_873532_C_G	3.54E-01	1.15E-13	2.75E-05	-1.32E+07	2.95E+06	4.58E-01	
1_906632_C_T	3.54E-01	1.15E-13	2.75E-05	-1.32E+07	2.95E+06	4.58E-01	
1_915107_T_C	3.54E-01	1.15E-13	2.75E-05	-1.32E+07	2.95E+06	4.58E-01	
1_922579_A_G	3.54E-01	1.15E-13	2.75E-05	-1.32E+07	2.95E+06	4.58E-01	
1_923100_C_T	2.03E-01	1.62E-05	9.08E-06	1.37E+07	2.88E+06	4.82E-01	
1_924116_A_T	3.54E-01	1.15E-13	2.75E-05	-1.32E+07	2.95E+06	4.58E-01	
1_925009_G_A	3.54E-01	1.15E-13	2.75E-05	-1.32E+07	2.95E+06	4.58E-01	
1_943948_C_T	3.80E-01	1.09E-11	2.82E-05	-1.29E+07	2.90E+06	4.58E-01	
1_944065_C_T	4.30E-01	1.14E-12	2.82E-05	-1.29E+07	2.90E+06	4.58E-01	
1_944104_C_T	3.80E-01	1.09E-11	2.82E-05	-1.29E+07	2.90E+06	4.58E-01	
1_945682_C_T	3.80E-01	1.09E-11	2.82E-05	-1.29E+07	2.90E+06	4.58E-01	
1_945919_C_T	3.80E-01	1.09E-11	2.82E-05	-1.29E+07	2.90E+06	4.58E-01	
1_945925_G_A	3.80E-01	1.09E-11	2.82E-05	-1.29E+07	2.90E+06	4.58E-01	
1_945931_C_G	3.80E-01	1.09E-11	2.82E-05	-1.29E+07	2.90E+06	4.58E-01	
1_945934_T_C	3.80E-01	1.09E-11	2.82E-05	-1.29E+07	2.90E+06	4.58E-01	
1_947125_T_C	3.80E-01	1.09E-11	2.82E-05	-1.29E+07	2.90E+06	4.58E-01	
1_948229_C_T	3.80E-01	1.09E-11	2.82E-05	-1.29E+07	2.90E+06	4.58E-01	
1_951425_T_C	3.92E-01	6.79E-12	1.58E-06	-1.51E+07	2.91E+06	5.16E-01	
1_951660_A_G	3.80E-01	1.09E-11	2.82E-05	-1.29E+07	2.90E+06	4.58E-01	
1_951671_C_G	3.92E-01	6.79E-12	1.58E-06	-1.51E+07	2.91E+06	5.16E-01	
1_952385_C_T	3.80E-01	1.09E-11	2.82E-05	-1.29E+07	2.90E+06	4.58E-01	
1_953761_C_T	3.80E-01	1.09E-11	2.82E-05	-1.29E+07	2.90E+06	4.58E-01	
1_954681_C_A	3.80E-01	1.09E-11	2.82E-05	-1.29E+07	2.90E+06	4.58E-01	
1_955141_G_A	3.54E-01	1.45E-13	2.90E-06	-1.51E+07	2.99E+06	5.04E-01	
1_1059185_C_G	3.54E-01	1.45E-13	2.90E-06	-1.51E+07	2.99E+06	5.04E-01	
1_1216619_G_A	3.80E-01	1.09E-11	2.82E-05	-1.29E+07	2.90E+06	4.58E-01	
1_1319211_T_C	4.05E-01	4.78E-14	2.90E-06	-1.51E+07	2.99E+06	5.04E-01	
1_1333514_G_A	4.56E-01	9.09E-14	2.79E-05	-1.30E+07	2.90E+06	4.58E-01	
1_1333583_T_C	4.56E-01	9.09E-14	2.79E-05	-1.30E+07	2.90E+06	4.58E-01	
1_1333652_G_A	4.56E-01	9.09E-14	2.79E-05	-1.30E+07	2.90E+06	4.58E-01	
1_1350888_C_G	4.30E-01	6.39E-15	2.86E-06	-1.51E+07	2.99E+06	5.05E-01	
1_1422025_G_A	3.80E-01	1.09E-11	2.82E-05	-1.29E+07	2.90E+06	4.58E-01	
1_1422158_A_G	3.80E-01	1.09E-11	2.82E-05	-1.29E+07	2.90E+06	4.58E-01	
1_1422277_C_T	3.80E-01	1.09E-11	2.82E-05	-1.29E+07	2.90E+06	4.58E-01	
1_1422302_G_A	3.80E-01	1.09E-11	2.82E-05	-1.29E+07	2.90E+06	4.58E-01	
1_1422392_T_G	3.80E-01	1.09E-11	2.82E-05	-1.29E+07	2.90E+06	4.58E-01	
1_1423193_G_A	4.30E-01	1.14E-12	2.82E-05	-1.29E+07	2.90E+06	4.58E-01	
1_1423595_A_G	3.80E-01	1.09E-11	2.82E-05	-1.29E+07	2.90E+06	4.58E-01	
1_1424351_G_A	3.80E-01	1.09E-11	2.82E-05	-1.29E+07	2.90E+06	4.58E-01	
1_1425432_G_C	3.80E-01	1.09E-11	2.82E-05	-1.29E+07	2.90E+06	4.58E-01	
1_1426348_C_T	3.80E-01	1.09E-11	2.82E-05	-1.29E+07	2.90E+06	4.58E-01	
1_1427300_C_T	3.80E-01	1.09E-11	2.82E-05	-1.29E+07	2.90E+06	4.58E-01	
1_1429686_G_A	3.80E-01	1.09E-11	2.82E-05	-1.29E+07	2.90E+06	4.58E-01	
1_1545380_A_G	3.80E-01	1.09E-11	2.82E-05	-1.29E+07	2.90E+06	4.58E-01	
1_1546949_C_A	3.80E-01	1.09E-11	2.82E-05	-1.29E+07	2.90E+06	4.58E-01	
1_1547871_G_A	3.80E-01	1.09E-11	2.82E-05	-1.29E+07	2.90E+06	4.58E-01	
1_1549005_T_C	3.80E-01	1.09E-11	2.82E-05	-1.29E+07	2.90E+06	4.58E-01	
1_1550298_C_T	3.80E-01	1.09E-11	2.82E-05	-1.29E+07	2.90E+06	4.58E-01	
1_1550800_G_A	3.80E-01	1.09E-11	2.82E-05	-1.29E+07	2.90E+06	4.58E-01	
1_1552353_T_C	3.80E-01	1.09E-11	2.82E-05	-1.29E+07	2.90E+06	4.58E-01	
1_1552965_C_T	3.80E-01	1.09E-11	2.82E-05	-1.29E+07	2.90E+06	4.58E-01	
1_1553418_G_A	3.80E-01	1.09E-11	2.82E-05	-1.29E+07	2.90E+06	4.58E-01	
1_1555303_C_T	3.80E-01	1.09E-11	2.82E-05	-1.29E+07	2.90E+06	4.58E-01	
1_1555315_C_G	3.80E-01	1.09E-11	2.82E-05	-1.29E+07	2.90E+06	4.58E-01	
1_1555604_T_C	3.80E-01	1.09E-11	2.82E-05	-1.29E+07	2.90E+06	4.58E-01	
1_1556413_T_C	3.80E-01	1.09E-11	2.82E-05	-1.29E+07	2.90E+06	4.58E-01	
1_1556473_T_G	3.80E-01	1.09E-11	2.82E-05	-1.29E+07	2.90E+06	4.58E-01	
1_1556503_C_T	3.80E-01	1.09E-11	2.82E-05	-1.29E+07	2.90E+06	4.58E-01	
1_1556876_C_T	3.80E-01	1.09E-11	2.82E-05	-1.29E+07	2.90E+06	4.58E-01	
1_1557818_G_A	3.80E-01	1.09E-11	2.82E-05	-1.29E+07	2.90E+06	4.58E-01	
1_1557957_G_A	3.80E-01	1.09E-11	2.82E-05	-1.29E+07	2.90E+06	4.58E-01	
1_1558475_C_G	3.92E-01	5.38E-12	1.57E-05	-1.32E+07	2.87E+06	4.71E-01	
1_1558858_A_G	3.80E-01	1.09E-11	2.82E-05	-1.29E+07	2.90E+06	4.58E-01	
1_1559307_A_G	3.80E-01	1.09E-11	2.82E-05	-1.29E+07	2.90E+06	4.58E-01	
1_1559408_C_T	3.80E-01	1.09E-11	2.82E-05	-1.29E+07	2.90E+06	4.58E-01	
1_1560491_T_C	3.80E-01	1.09E-11	2.82E-05	-1.29E+07	2.90E+06	4.58E-01	
1_1560746_T_G	3.80E-01	1.09E-11	2.82E-05	-1.29E+07	2.90E+06	4.58E-01	
1_1560824_G_A	3.80E-01	1.09E-11	2.82E-05	-1.29E+07	2.90E+06	4.58E-01	
1_1561090_G_A	3.80E-01	1.09E-11	2.82E-05	-1.29E+07	2.90E+06	4.58E-01	
1_1561309_T_C	3.80E-01	1.09E-11	2.82E-05	-1.29E+07	2.90E+06	4.58E-01	
1_1561735_A_G	3.80E-01	1.09E-11	2.82E-05	-1.29E+07	2.90E+06	4.58E-01	
1_1561765_T_C	3.80E-01	1.09E-11	2.82E-05	-1.29E+07	2.90E+06	4.58E-01	
1_1562059_A_G	3.80E-01	1.09E-11	2.82E-05	-1.29E+07	2.90E+06	4.58E-01	
1_1562071_C_G	3.80E-01	1.09E-11	2.82E-05	-1.29E+07	2.90E+06	4.58E-01	
1_1562294_C_T	3.80E-01	1.09E-11	2.82E-05	-1.29E+07	2.90E+06	4.58E-01	
1_1562857_C_A	3.80E-01	1.09E-11	2.82E-05	-1.29E+07	2.90E+06	4.58E-01	
1_1562866_A_G	3.80E-01	1.09E-11	2.82E-05	-1.29E+07	2.90E+06	4.58E-01	
1_1562875_A_G	3.80E-01	1.09E-11	2.82E-05	-1.29E+07	2.90E+06	4.58E-01	
1_1562959_C_T	3.80E-01	1.09E-11	2.82E-05	-1.29E+07	2.90E+06	4.58E-01	
1_1562964_C_T	3.80E-01	1.09E-11	2.82E-05	-1.29E+07	2.90E+06	4.58E-01	
1_1563024_A_G	3.80E-01	1.09E-11	2.82E-05	-1.29E+07	2.90E+06	4.58E-01	
1_1563025_C_T	3.80E-01	1.09E-11	2.82E-05	-1.29E+07	2.90E+06	4.58E-01	
1_1563043_C_T	3.80E-01	1.09E-11	2.82E-05	-1.29E+07	2.90E+06	4.58E-01	
1_1563143_A_G	3.80E-01	1.09E-11	2.82E-05	-1.29E+07	2.90E+06	4.58E-01	
1_1563199_T_C	3.80E-01	1.09E-11	2.82E-05	-1.29E+07	2.90E+06	4.58E-01	
1_1563235_G_A	3.80E-01	1.09E-11	2.82E-05	-1.29E+07	2.90E+06	4.58E-01	
1_1563271_G_A	3.80E-01	1.09E-11	2.82E-05	-1.29E+07	2.90E+06	4.58E-01	
1_1563274_C_T	3.80E-01	1.09E-11	2.82E-05	-1.29E+07	2.90E+06	4.58E-01	
1_1563450_G_A	3.80E-01	1.09E-11	2.82E-05	-1.29E+07	2.90E+06	4.58E-01	
1_1563627_G_A	3.80E-01	1.09E-11	2.82E-05	-1.29E+07	2.90E+06	4.58E-01	
1_1563978_G_A	3.80E-01	1.09E-11	2.82E-05	-1.29E+07	2.90E+06	4.58E-01	
1_1564222_C_T	3.80E-01	1.09E-11	2.82E-05	-1.29E+07	2.90E+06	4.58E-01	
1_1564833_A_G	3.80E-01	1.09E-11	2.82E-05	-1.29E+07	2.90E+06	4.58E-01	
1_1658715_G_A	3.80E-01	1.09E-11	2.82E-05	-1.29E+07	2.90E+06	4.58E-01	
1_1658917_G_A	3.80E-01	1.09E-11	2.82E-05	-1.29E+07	2.90E+06	4.58E-01	
1_1658970_G_A	3.80E-01	1.09E-11	2.82E-05	-1.29E+07	2.90E+06	4.58E-01	
1_1659387_G_A	3.80E-01	1.09E-11	2.82E-05	-1.29E+07	2.90E+06	4.58E-01	
1_1660083_C_T	3.80E-01	1.09E-11	2.82E-05	-1.29E+07	2.90E+06	4.58E-01	
1_1660567_G_A	4.30E-01	1.14E-12	2.82E-05	-1.29E+07	2.90E+06	4.58E-01	
1_1661255_G_A	3.80E-01	1.09E-11	2.82E-05	-1.29E+07	2.90E+06	4.58E-01	
1_1661402_G_A	3.80E-01	1.09E-11	2.82E-05	-1.29E+07	2.90E+06	4.58E-01	
1_1661827_T_C	3.80E-01	1.09E-11	2.82E-05	-1.29E+07	2.90E+06	4.58E-01	
1_1663015_G_C	3.80E-01	1.09E-11	2.82E-05	-1.29E+07	2.90E+06	4.58E-01	
1_1664123_G_A	3.80E-01	1.09E-11	2.82E-05	-1.29E+07	2.90E+06	4.58E-01	
1_1664443_G_A	3.80E-01	1.09E-11	2.82E-05	-1.29E+07	2.90E+06	4.58E-01	
1_1664866_C_T	3.80E-01	1.09E-11	2.82E-05	-1.29E+07	2.90E+06	4.58E-01	
1_1665968_C_T	3.80E-01	1.09E-11	2.82E-05	-1.29E+07	2.90E+06	4.58E-01	
1_1666260_G_C	3.80E-01	1.09E-11	2.82E-05	-1.29E+07	2.90E+06	4.58E-01	
1_1666278_G_A	3.80E-01	1.09E-11	2.82E-05	-1.29E+07	2.90E+06	4.58E-01	
1_1666530_G_A	3.80E-01	1.09E-11	2.82E-05	-1.29E+07	2.90E+06	4.58E-01	
1_1667063_G_A	3.80E-01	1.09E-11	2.82E-05	-1.29E+07	2.90E+06	4.58E-01	
1_1668134_G_A	3.80E-01	1.09E-11	2.82E-05	-1.29E+07	2.90E+06	4.58E-01	
1_1669539_C_T	3.80E-01	1.09E-11	2.82E-05	-1.29E+07	2.90E+06	4.58E-01	
1_1670381_A_G	3.92E-01	6.79E-12	1.58E-06	-1.51E+07	2.91E+06	5.16E-01	
1_1670549_T_C	3.92E-01	6.79E-12	1.58E-06	-1.51E+07	2.91E+06	5.16E-01	
1_1670690_A_G	3.92E-01	6.79E-12	1.58E-06	-1.51E+07	2.91E+06	5.16E-01	
1_1742050_A_G	2.28E-01	3.13E-06	1.18E-06	1.45E+07	2.74E+06	5.21E-01	
1_1746914_G_A	5.57E-01	5.96E-07	2.25E-05	-1.40E+07	3.10E+06	4.63E-01	
1_1754871_G_A	3.80E-01	1.62E-12	6.38E-06	-1.18E+07	2.42E+06	4.89E-01	
1_1755133_G_A	3.80E-01	1.09E-11	2.82E-05	-1.29E+07	2.90E+06	4.58E-01	
1_1755822_T_C	4.05E-01	1.29E-12	2.81E-05	-1.29E+07	2.90E+06	4.58E-01	
1_1756467_A_G	3.80E-01	3.15E-14	2.89E-06	-1.51E+07	2.99E+06	5.05E-01	
1_1757043_C_T	4.05E-01	1.29E-12	2.81E-05	-1.29E+07	2.90E+06	4.58E-01	
1_1757323_T_C	4.05E-01	1.29E-12	2.81E-05	-1.29E+07	2.90E+06	4.58E-01	
1_1758434_T_C	4.05E-01	1.29E-12	2.81E-05	-1.29E+07	2.90E+06	4.58E-01	
1_1759111_A_G	4.05E-01	1.29E-12	2.81E-05	-1.29E+07	2.90E+06	4.58E-01	
1_1764275_G_A	3.16E-01	1.09E-06	1.20E-06	1.56E+07	2.95E+06	5.21E-01	
1_1773370_G_A	4.30E-01	1.14E-12	2.82E-05	-1.29E+07	2.90E+06	4.58E-01	
1_1773389_G_A	3.80E-01	1.09E-11	2.82E-05	-1.29E+07	2.90E+06	4.58E-01	
1_1784124_G_A	2.53E-01	2.28E-06	1.02E-05	1.22E+07	2.58E+06	4.80E-01	
1_1815638_C_*	4.43E-01	1.03E-05	1.44E-05	-1.28E+07	2.77E+06	4.72E-01	
1_1815643_G_*	4.43E-01	1.03E-05	1.44E-05	-1.28E+07	2.77E+06	4.72E-01	
1_1815645_T_*	4.43E-01	1.03E-05	1.44E-05	-1.28E+07	2.77E+06	4.72E-01	
1_1820159_G_A	3.80E-01	1.09E-11	2.82E-05	-1.29E+07	2.90E+06	4.58E-01	
1_1889855_A_G	3.80E-01	1.09E-11	2.82E-05	-1.29E+07	2.90E+06	4.58E-01	
1_1889867_A_G	4.30E-01	1.14E-12	2.82E-05	-1.29E+07	2.90E+06	4.58E-01	
1_1889909_A_G	4.30E-01	1.14E-12	2.82E-05	-1.29E+07	2.90E+06	4.58E-01	
1_1889918_A_G	4.30E-01	1.14E-12	2.82E-05	-1.29E+07	2.90E+06	4.58E-01	
1_1890125_A_G	4.30E-01	1.14E-12	2.82E-05	-1.29E+07	2.90E+06	4.58E-01	
1_1890167_G_A	3.80E-01	1.09E-11	2.82E-05	-1.29E+07	2.90E+06	4.58E-01	
1_1890291_A_G	4.30E-01	1.14E-12	2.82E-05	-1.29E+07	2.90E+06	4.58E-01	
1_1890728_C_A	4.30E-01	1.14E-12	2.82E-05	-1.29E+07	2.90E+06	4.58E-01	
1_1890733_G_C	4.30E-01	1.14E-12	2.82E-05	-1.29E+07	2.90E+06	4.58E-01	
1_1890753_T_C	3.80E-01	1.09E-11	2.82E-05	-1.29E+07	2.90E+06	4.58E-01	
1_1890760_C_T	3.80E-01	1.09E-11	2.82E-05	-1.29E+07	2.90E+06	4.58E-01	
1_1890787_C_T	3.80E-01	1.09E-11	2.82E-05	-1.29E+07	2.90E+06	4.58E-01	
1_1890794_G_A	3.80E-01	1.09E-11	2.82E-05	-1.29E+07	2.90E+06	4.58E-01	
1_1890823_T_A	3.80E-01	1.09E-11	2.82E-05	-1.29E+07	2.90E+06	4.58E-01	
1_1890848_A_G	4.30E-01	1.14E-12	2.82E-05	-1.29E+07	2.90E+06	4.58E-01	
1_1890850_A_G	4.30E-01	1.14E-12	2.82E-05	-1.29E+07	2.90E+06	4.58E-01	
1_1890884_A_C	3.80E-01	1.09E-11	2.82E-05	-1.29E+07	2.90E+06	4.58E-01	
1_1890900_A_T	3.80E-01	1.09E-11	2.82E-05	-1.29E+07	2.90E+06	4.58E-01	
1_1890950_G_A	3.80E-01	1.09E-11	2.82E-05	-1.29E+07	2.90E+06	4.58E-01	
1_1890992_C_T	3.80E-01	1.09E-11	2.82E-05	-1.29E+07	2.90E+06	4.58E-01	
1_1891037_A_G	4.30E-01	1.14E-12	2.82E-05	-1.29E+07	2.90E+06	4.58E-01	
1_1891052_T_C	3.80E-01	1.09E-11	2.82E-05	-1.29E+07	2.90E+06	4.58E-01	
1_1891055_T_C	4.30E-01	1.14E-12	2.82E-05	-1.29E+07	2.90E+06	4.58E-01	
1_1891118_G_A	3.80E-01	1.09E-11	2.82E-05	-1.29E+07	2.90E+06	4.58E-01	
1_1891132_T_C	4.30E-01	1.14E-12	2.82E-05	-1.29E+07	2.90E+06	4.58E-01	
1_1891146_A_G	4.30E-01	1.14E-12	2.82E-05	-1.29E+07	2.90E+06	4.58E-01	
1_1891166_C_T	3.80E-01	1.09E-11	2.82E-05	-1.29E+07	2.90E+06	4.58E-01	
1_1891169_G_A	4.30E-01	1.14E-12	2.82E-05	-1.29E+07	2.90E+06	4.58E-01	
1_1891192_T_C	3.80E-01	1.09E-11	2.82E-05	-1.29E+07	2.90E+06	4.58E-01	
1_1891196_G_C	3.80E-01	1.09E-11	2.82E-05	-1.29E+07	2.90E+06	4.58E-01	
1_1891206_C_T	4.30E-01	1.14E-12	2.82E-05	-1.29E+07	2.90E+06	4.58E-01	
1_1891238_G_A	3.80E-01	1.09E-11	2.82E-05	-1.29E+07	2.90E+06	4.58E-01	
1_1891280_G_A	3.80E-01	1.09E-11	2.82E-05	-1.29E+07	2.90E+06	4.58E-01	
1_1891316_G_A	3.80E-01	1.09E-11	2.82E-05	-1.29E+07	2.90E+06	4.58E-01	
1_1891322_A_G	4.30E-01	1.14E-12	2.82E-05	-1.29E+07	2.90E+06	4.58E-01	
1_1891325_A_G	4.30E-01	1.14E-12	2.82E-05	-1.29E+07	2.90E+06	4.58E-01	
1_1891381_T_C	4.30E-01	1.14E-12	2.82E-05	-1.29E+07	2.90E+06	4.58E-01	
1_1891410_T_A	3.80E-01	1.09E-11	2.82E-05	-1.29E+07	2.90E+06	4.58E-01	
1_1891420_T_C	4.30E-01	1.14E-12	2.82E-05	-1.29E+07	2.90E+06	4.58E-01	
1_1891426_C_T	3.80E-01	1.09E-11	2.82E-05	-1.29E+07	2.90E+06	4.58E-01	
1_1891467_C_T	4.30E-01	1.14E-12	2.82E-05	-1.29E+07	2.90E+06	4.58E-01	
1_1891471_T_C	3.80E-01	1.09E-11	2.82E-05	-1.29E+07	2.90E+06	4.58E-01	
1_1891491_G_T	3.80E-01	1.09E-11	2.82E-05	-1.29E+07	2.90E+06	4.58E-01	
1_1891543_A_G	3.80E-01	1.09E-11	2.82E-05	-1.29E+07	2.90E+06	4.58E-01	
1_1891551_G_A	3.80E-01	1.09E-11	2.82E-05	-1.29E+07	2.90E+06	4.58E-01	
1_1891558_A_G	3.80E-01	1.09E-11	2.82E-05	-1.29E+07	2.90E+06	4.58E-01	
1_1891560_C_T	3.80E-01	1.09E-11	2.82E-05	-1.29E+07	2.90E+06	4.58E-01	
1_1891563_G_T	3.80E-01	1.09E-11	2.82E-05	-1.29E+07	2.90E+06	4.58E-01	
1_1891571_A_G	3.80E-01	1.09E-11	2.82E-05	-1.29E+07	2.90E+06	4.58E-01	
1_1891601_A_G	4.30E-01	1.14E-12	2.82E-05	-1.29E+07	2.90E+06	4.58E-01	
1_1891613_G_A	3.80E-01	1.09E-11	2.82E-05	-1.29E+07	2.90E+06	4.58E-01	
1_1891646_A_G	3.80E-01	1.09E-11	2.82E-05	-1.29E+07	2.90E+06	4.58E-01	
1_1891672_G_A	3.80E-01	1.09E-11	2.82E-05	-1.29E+07	2.90E+06	4.58E-01	
1_1891673_T_C	4.30E-01	1.14E-12	2.82E-05	-1.29E+07	2.90E+06	4.58E-01	
1_1891682_C_T	3.80E-01	1.09E-11	2.82E-05	-1.29E+07	2.90E+06	4.58E-01	
1_1891722_A_G	4.30E-01	1.14E-12	2.82E-05	-1.29E+07	2.90E+06	4.58E-01	
1_1891741_A_G	4.30E-01	1.14E-12	2.82E-05	-1.29E+07	2.90E+06	4.58E-01	
1_1891863_A_T	3.80E-01	1.09E-11	2.82E-05	-1.29E+07	2.90E+06	4.58E-01	
1_1891877_T_C	3.80E-01	1.09E-11	2.82E-05	-1.29E+07	2.90E+06	4.58E-01	
1_1891894_G_A	3.92E-01	5.38E-12	1.57E-05	-1.32E+07	2.87E+06	4.71E-01	
1_1891940_A_C	3.80E-01	1.09E-11	2.82E-05	-1.29E+07	2.90E+06	4.58E-01	
1_1891949_A_G	3.80E-01	1.09E-11	2.82E-05	-1.29E+07	2.90E+06	4.58E-01	
1_1892005_C_T	4.30E-01	1.14E-12	2.82E-05	-1.29E+07	2.90E+06	4.58E-01	
1_1892008_C_T	4.30E-01	1.14E-12	2.82E-05	-1.29E+07	2.90E+06	4.58E-01	
1_1892039_T_C	3.80E-01	1.09E-11	2.82E-05	-1.29E+07	2.90E+06	4.58E-01	
1_1892059_A_C	4.30E-01	1.14E-12	2.82E-05	-1.29E+07	2.90E+06	4.58E-01	
1_1892140_G_A	4.30E-01	1.14E-12	2.82E-05	-1.29E+07	2.90E+06	4.58E-01	
1_1892188_A_G	4.30E-01	1.14E-12	2.82E-05	-1.29E+07	2.90E+06	4.58E-01	
1_1892189_G_A	4.30E-01	1.14E-12	2.82E-05	-1.29E+07	2.90E+06	4.58E-01	
1_1892197_C_T	4.30E-01	1.14E-12	2.82E-05	-1.29E+07	2.90E+06	4.58E-01	
1_1892209_A_G	4.30E-01	1.14E-12	2.82E-05	-1.29E+07	2.90E+06	4.58E-01	
1_1892212_A_G	4.30E-01	1.14E-12	2.82E-05	-1.29E+07	2.90E+06	4.58E-01	
1_1892227_G_A	4.30E-01	1.14E-12	2.82E-05	-1.29E+07	2.90E+06	4.58E-01	
1_1892229_C_T	3.80E-01	1.09E-11	2.82E-05	-1.29E+07	2.90E+06	4.58E-01	
1_1892260_T_C	4.30E-01	1.14E-12	2.82E-05	-1.29E+07	2.90E+06	4.58E-01	
1_1892272_A_G	4.30E-01	1.14E-12	2.82E-05	-1.29E+07	2.90E+06	4.58E-01	
1_1892283_C_T	3.80E-01	1.09E-11	2.82E-05	-1.29E+07	2.90E+06	4.58E-01	
1_1892286_G_A	3.80E-01	1.09E-11	2.82E-05	-1.29E+07	2.90E+06	4.58E-01	
1_1892292_T_C	3.80E-01	1.09E-11	2.82E-05	-1.29E+07	2.90E+06	4.58E-01	
1_1892303_C_T	3.80E-01	1.09E-11	2.82E-05	-1.29E+07	2.90E+06	4.58E-01	
1_1892305_A_T	3.80E-01	1.09E-11	2.82E-05	-1.29E+07	2.90E+06	4.58E-01	
1_1892308_C_T	3.80E-01	1.09E-11	2.82E-05	-1.29E+07	2.90E+06	4.58E-01	
1_1892310_A_G	4.30E-01	1.14E-12	2.82E-05	-1.29E+07	2.90E+06	4.58E-01	
1_1892311_A_G	3.80E-01	1.09E-11	2.82E-05	-1.29E+07	2.90E+06	4.58E-01	
1_1892359_G_A	3.80E-01	1.09E-11	2.82E-05	-1.29E+07	2.90E+06	4.58E-01	
1_1892389_C_T	3.80E-01	1.09E-11	2.82E-05	-1.29E+07	2.90E+06	4.58E-01	
1_1892399_G_A	3.80E-01	1.09E-11	2.82E-05	-1.29E+07	2.90E+06	4.58E-01	
1_1892401_T_C	3.80E-01	1.09E-11	2.82E-05	-1.29E+07	2.90E+06	4.58E-01	
1_1892404_A_G	3.80E-01	1.09E-11	2.82E-05	-1.29E+07	2.90E+06	4.58E-01	
1_1892440_A_G	4.30E-01	1.14E-12	2.82E-05	-1.29E+07	2.90E+06	4.58E-01	
1_1892461_A_G	4.30E-01	1.14E-12	2.82E-05	-1.29E+07	2.90E+06	4.58E-01	
1_1892463_A_G	4.30E-01	1.14E-12	2.82E-05	-1.29E+07	2.90E+06	4.58E-01	
1_1892488_C_A	3.80E-01	1.09E-11	2.82E-05	-1.29E+07	2.90E+06	4.58E-01	
1_1892492_C_T	3.80E-01	1.09E-11	2.82E-05	-1.29E+07	2.90E+06	4.58E-01	
1_1892515_G_A	3.80E-01	1.09E-11	2.82E-05	-1.29E+07	2.90E+06	4.58E-01	
1_1892527_G_A	3.80E-01	1.09E-11	2.82E-05	-1.29E+07	2.90E+06	4.58E-01	
1_1892528_A_C	3.80E-01	1.09E-11	2.82E-05	-1.29E+07	2.90E+06	4.58E-01	
1_1892533_A_G	4.30E-01	1.14E-12	2.82E-05	-1.29E+07	2.90E+06	4.58E-01	
1_1892548_C_T	3.80E-01	1.09E-11	2.82E-05	-1.29E+07	2.90E+06	4.58E-01	
1_1892549_C_T	4.30E-01	1.14E-12	2.82E-05	-1.29E+07	2.90E+06	4.58E-01	
1_1892554_A_G	4.30E-01	1.14E-12	2.82E-05	-1.29E+07	2.90E+06	4.58E-01	
1_1892602_A_G	3.80E-01	1.09E-11	2.82E-05	-1.29E+07	2.90E+06	4.58E-01	
1_1892610_A_G	3.80E-01	1.09E-11	2.82E-05	-1.29E+07	2.90E+06	4.58E-01	
1_1892619_G_A	3.80E-01	1.09E-11	2.82E-05	-1.29E+07	2.90E+06	4.58E-01	
1_1892634_G_A	3.80E-01	1.09E-11	2.82E-05	-1.29E+07	2.90E+06	4.58E-01	
1_1892642_A_G	3.80E-01	1.09E-11	2.82E-05	-1.29E+07	2.90E+06	4.58E-01	
1_1892677_T_C	3.80E-01	1.09E-11	2.82E-05	-1.29E+07	2.90E+06	4.58E-01	
1_1892686_A_G	3.80E-01	1.09E-11	2.82E-05	-1.29E+07	2.90E+06	4.58E-01	
1_1892693_G_A	3.80E-01	1.09E-11	2.82E-05	-1.29E+07	2.90E+06	4.58E-01	
1_1892755_T_C	3.80E-01	1.09E-11	2.82E-05	-1.29E+07	2.90E+06	4.58E-01	
1_1892774_C_T	3.80E-01	1.09E-11	2.82E-05	-1.29E+07	2.90E+06	4.58E-01	
1_1892893_A_G	4.30E-01	1.14E-12	2.82E-05	-1.29E+07	2.90E+06	4.58E-01	
1_1893053_A_G	3.80E-01	1.09E-11	2.82E-05	-1.29E+07	2.90E+06	4.58E-01	
1_1893055_G_T	3.80E-01	1.09E-11	2.82E-05	-1.29E+07	2.90E+06	4.58E-01	
1_1893070_G_C	3.80E-01	1.09E-11	2.82E-05	-1.29E+07	2.90E+06	4.58E-01	
1_1893079_T_*	3.80E-01	1.09E-11	2.82E-05	-1.29E+07	2.90E+06	4.58E-01	
1_1893112_T_*	3.80E-01	1.09E-11	2.82E-05	-1.29E+07	2.90E+06	4.58E-01	
1_1893114_G_*	3.80E-01	1.09E-11	2.82E-05	-1.29E+07	2.90E+06	4.58E-01	
1_1893138_G_*	3.80E-01	1.09E-11	2.82E-05	-1.29E+07	2.90E+06	4.58E-01	
1_1893215_G_A	3.80E-01	1.09E-11	2.82E-05	-1.29E+07	2.90E+06	4.58E-01	
1_1893230_C_G	3.80E-01	1.09E-11	2.82E-05	-1.29E+07	2.90E+06	4.58E-01	
1_1893289_T_C	3.80E-01	1.09E-11	2.82E-05	-1.29E+07	2.90E+06	4.58E-01	
1_1893298_G_A	4.30E-01	1.14E-12	2.82E-05	-1.29E+07	2.90E+06	4.58E-01	
1_1893371_A_G	3.80E-01	1.09E-11	2.82E-05	-1.29E+07	2.90E+06	4.58E-01	
1_1893379_C_T	3.80E-01	1.09E-11	2.82E-05	-1.29E+07	2.90E+06	4.58E-01	
1_1893383_A_G	3.80E-01	1.09E-11	2.82E-05	-1.29E+07	2.90E+06	4.58E-01	
1_1893384_T_C	3.80E-01	1.09E-11	2.82E-05	-1.29E+07	2.90E+06	4.58E-01	
1_1893449_G_A	3.80E-01	1.09E-11	2.82E-05	-1.29E+07	2.90E+06	4.58E-01	
1_1893464_A_G	3.80E-01	1.09E-11	2.82E-05	-1.29E+07	2.90E+06	4.58E-01	
1_1893479_G_A	3.80E-01	1.09E-11	2.82E-05	-1.29E+07	2.90E+06	4.58E-01	
1_1893481_C_T	3.80E-01	1.09E-11	2.82E-05	-1.29E+07	2.90E+06	4.58E-01	
1_1893508_C_T	3.80E-01	1.09E-11	2.82E-05	-1.29E+07	2.90E+06	4.58E-01	
1_1893725_A_G	3.80E-01	1.09E-11	2.82E-05	-1.29E+07	2.90E+06	4.58E-01	
1_1893800_G_C	3.80E-01	1.09E-11	2.82E-05	-1.29E+07	2.90E+06	4.58E-01	
1_1894007_G_A	3.80E-01	1.09E-11	2.82E-05	-1.29E+07	2.90E+06	4.58E-01	
1_1894094_G_A	3.80E-01	1.09E-11	2.82E-05	-1.29E+07	2.90E+06	4.58E-01	
1_1894210_T_C	3.80E-01	1.09E-11	2.82E-05	-1.29E+07	2.90E+06	4.58E-01	
1_1894223_G_A	3.80E-01	1.09E-11	2.82E-05	-1.29E+07	2.90E+06	4.58E-01	
1_1894232_G_A	3.80E-01	1.09E-11	2.82E-05	-1.29E+07	2.90E+06	4.58E-01	
1_1894244_T_C	4.30E-01	1.14E-12	2.82E-05	-1.29E+07	2.90E+06	4.58E-01	
1_1894283_C_T	3.80E-01	1.09E-11	2.82E-05	-1.29E+07	2.90E+06	4.58E-01	
1_1894307_G_C	3.80E-01	1.09E-11	2.82E-05	-1.29E+07	2.90E+06	4.58E-01	
1_1894313_C_A	4.30E-01	1.14E-12	2.82E-05	-1.29E+07	2.90E+06	4.58E-01	
1_1894521_G_A	4.30E-01	1.14E-12	2.82E-05	-1.29E+07	2.90E+06	4.58E-01	
1_1894542_A_C	4.30E-01	1.14E-12	2.82E-05	-1.29E+07	2.90E+06	4.58E-01	
1_1894602_T_C	4.30E-01	1.14E-12	2.82E-05	-1.29E+07	2.90E+06	4.58E-01	
1_1895090_G_A	4.30E-01	1.14E-12	2.82E-05	-1.29E+07	2.90E+06	4.58E-01	
1_1895267_T_C	3.80E-01	1.09E-11	2.82E-05	-1.29E+07	2.90E+06	4.58E-01	
1_1895329_G_A	3.80E-01	1.09E-11	2.82E-05	-1.29E+07	2.90E+06	4.58E-01	
1_1895452_T_C	3.80E-01	1.09E-11	2.82E-05	-1.29E+07	2.90E+06	4.58E-01	
1_1896001_C_G	3.80E-01	1.09E-11	2.82E-05	-1.29E+07	2.90E+06	4.58E-01	
1_1896498_A_G	4.30E-01	1.14E-12	2.82E-05	-1.29E+07	2.90E+06	4.58E-01	
1_1896773_G_A	3.80E-01	1.09E-11	2.82E-05	-1.29E+07	2.90E+06	4.58E-01	
1_1896989_T_C	4.30E-01	1.14E-12	2.82E-05	-1.29E+07	2.90E+06	4.58E-01	
1_1897027_T_C	4.30E-01	1.14E-12	2.82E-05	-1.29E+07	2.90E+06	4.58E-01	
1_1897128_T_C	3.80E-01	1.09E-11	2.82E-05	-1.29E+07	2.90E+06	4.58E-01	
1_1897238_C_T	3.80E-01	1.09E-11	2.82E-05	-1.29E+07	2.90E+06	4.58E-01	
1_1897448_G_A	3.80E-01	1.09E-11	2.82E-05	-1.29E+07	2.90E+06	4.58E-01	
1_1897590_G_A	3.80E-01	1.09E-11	2.82E-05	-1.29E+07	2.90E+06	4.58E-01	
1_1897623_A_G	4.30E-01	1.14E-12	2.82E-05	-1.29E+07	2.90E+06	4.58E-01	
1_1897845_A_G	3.80E-01	1.09E-11	2.82E-05	-1.29E+07	2.90E+06	4.58E-01	
1_1897904_T_G	4.30E-01	1.14E-12	2.82E-05	-1.29E+07	2.90E+06	4.58E-01	
1_1897914_C_G	3.80E-01	1.09E-11	2.82E-05	-1.29E+07	2.90E+06	4.58E-01	
1_1897925_G_C	3.80E-01	1.09E-11	2.82E-05	-1.29E+07	2.90E+06	4.58E-01	
1_1897932_A_G	3.80E-01	1.09E-11	2.82E-05	-1.29E+07	2.90E+06	4.58E-01	
1_1897935_T_A	3.80E-01	1.09E-11	2.82E-05	-1.29E+07	2.90E+06	4.58E-01	
1_1897950_A_T	3.80E-01	1.09E-11	2.82E-05	-1.29E+07	2.90E+06	4.58E-01	
1_1897956_T_C	3.80E-01	1.09E-11	2.82E-05	-1.29E+07	2.90E+06	4.58E-01	
1_1897958_T_G	3.80E-01	1.09E-11	2.82E-05	-1.29E+07	2.90E+06	4.58E-01	
1_1897959_G_C	3.80E-01	1.09E-11	2.82E-05	-1.29E+07	2.90E+06	4.58E-01	
1_1897968_A_C	3.80E-01	1.09E-11	2.82E-05	-1.29E+07	2.90E+06	4.58E-01	
1_1897974_A_C	3.80E-01	1.09E-11	2.82E-05	-1.29E+07	2.90E+06	4.58E-01	
1_1897980_A_G	4.30E-01	1.14E-12	2.82E-05	-1.29E+07	2.90E+06	4.58E-01	
1_1897992_C_*	3.80E-01	1.09E-11	2.82E-05	-1.29E+07	2.90E+06	4.58E-01	
1_1897994_T_*	3.80E-01	1.09E-11	2.82E-05	-1.29E+07	2.90E+06	4.58E-01	
1_1898001_A_*	3.80E-01	1.09E-11	2.82E-05	-1.29E+07	2.90E+06	4.58E-01	
1_1898004_G_*	3.80E-01	1.09E-11	2.82E-05	-1.29E+07	2.90E+06	4.58E-01	
1_1898010_A_*	3.80E-01	1.09E-11	2.82E-05	-1.29E+07	2.90E+06	4.58E-01	
1_1898013_G_*	3.80E-01	1.09E-11	2.82E-05	-1.29E+07	2.90E+06	4.58E-01	
1_1898014_C_*	3.80E-01	1.09E-11	2.82E-05	-1.29E+07	2.90E+06	4.58E-01	
1_1898015_G_*	3.80E-01	1.09E-11	2.82E-05	-1.29E+07	2.90E+06	4.58E-01	
1_1898030_A_G	3.80E-01	1.09E-11	2.82E-05	-1.29E+07	2.90E+06	4.58E-01	
1_1898031_T_C	3.80E-01	1.09E-11	2.82E-05	-1.29E+07	2.90E+06	4.58E-01	
1_1898038_T_C	3.80E-01	1.09E-11	2.82E-05	-1.29E+07	2.90E+06	4.58E-01	
1_1898052_A_G	3.80E-01	1.09E-11	2.82E-05	-1.29E+07	2.90E+06	4.58E-01	
1_1898055_A_G	3.80E-01	1.09E-11	2.82E-05	-1.29E+07	2.90E+06	4.58E-01	
1_1898070_G_A	3.80E-01	1.09E-11	2.82E-05	-1.29E+07	2.90E+06	4.58E-01	
1_1898079_A_T	4.30E-01	1.14E-12	2.82E-05	-1.29E+07	2.90E+06	4.58E-01	
1_1898097_A_G	3.80E-01	1.09E-11	2.82E-05	-1.29E+07	2.90E+06	4.58E-01	
1_1898112_C_G	3.80E-01	1.09E-11	2.82E-05	-1.29E+07	2.90E+06	4.58E-01	
1_1898121_G_T	3.80E-01	1.09E-11	2.82E-05	-1.29E+07	2.90E+06	4.58E-01	
1_1898124_G_A	3.80E-01	1.09E-11	2.82E-05	-1.29E+07	2.90E+06	4.58E-01	
1_1898130_G_A	3.80E-01	1.09E-11	2.82E-05	-1.29E+07	2.90E+06	4.58E-01	
1_1898148_T_C	4.30E-01	1.14E-12	2.82E-05	-1.29E+07	2.90E+06	4.58E-01	
1_1898152_C_G	3.80E-01	1.09E-11	2.82E-05	-1.29E+07	2.90E+06	4.58E-01	
1_1898154_G_A	3.80E-01	1.09E-11	2.82E-05	-1.29E+07	2.90E+06	4.58E-01	
1_1898293_A_G	4.30E-01	1.14E-12	2.82E-05	-1.29E+07	2.90E+06	4.58E-01	
1_1898307_A_G	3.80E-01	1.09E-11	2.82E-05	-1.29E+07	2.90E+06	4.58E-01	
1_1898336_G_A	3.80E-01	1.09E-11	2.82E-05	-1.29E+07	2.90E+06	4.58E-01	
1_1898392_C_T	3.80E-01	1.09E-11	2.82E-05	-1.29E+07	2.90E+06	4.58E-01	
1_1898420_G_A	3.80E-01	1.09E-11	2.82E-05	-1.29E+07	2.90E+06	4.58E-01	
1_1898450_C_T	4.30E-01	1.14E-12	2.82E-05	-1.29E+07	2.90E+06	4.58E-01	
1_1898861_G_A	4.30E-01	1.14E-12	2.82E-05	-1.29E+07	2.90E+06	4.58E-01	
1_1899125_A_G	4.30E-01	1.14E-12	2.82E-05	-1.29E+07	2.90E+06	4.58E-01	
1_1899128_A_G	4.30E-01	1.14E-12	2.82E-05	-1.29E+07	2.90E+06	4.58E-01	
1_1899146_G_A	4.30E-01	1.14E-12	2.82E-05	-1.29E+07	2.90E+06	4.58E-01	
1_1909508_G_C	3.80E-01	1.09E-11	2.82E-05	-1.29E+07	2.90E+06	4.58E-01	
1_1913357_A_G	3.16E-01	1.09E-06	1.20E-06	1.56E+07	2.95E+06	5.21E-01	
1_1925319_T_*	4.56E-01	9.18E-05	4.78E-06	-1.35E+07	2.74E+06	4.95E-01	
1_1964584_C_G	3.54E-01	1.45E-13	2.90E-06	-1.51E+07	2.99E+06	5.04E-01	
1_1968131_G_T	4.30E-01	6.39E-15	2.86E-06	-1.51E+07	2.99E+06	5.05E-01	
1_1968421_T_C	4.30E-01	6.39E-15	2.86E-06	-1.51E+07	2.99E+06	5.05E-01	
1_1968431_A_C	4.30E-01	6.39E-15	2.86E-06	-1.51E+07	2.99E+06	5.05E-01	
1_1968443_A_G	4.30E-01	6.39E-15	2.86E-06	-1.51E+07	2.99E+06	5.05E-01	
1_1968485_G_A	4.30E-01	6.39E-15	2.86E-06	-1.51E+07	2.99E+06	5.05E-01	
1_2016222_G_*	2.91E-01	4.59E-02	2.55E-05	1.32E+07	2.94E+06	4.60E-01	
1_2016243_G_A	3.54E-01	1.45E-13	2.90E-06	-1.51E+07	2.99E+06	5.04E-01	
1_2052478_A_G	3.80E-01	2.48E-14	2.74E-05	-1.32E+07	2.94E+06	4.59E-01	
1_2059126_G_A	3.54E-01	1.45E-13	2.90E-06	-1.51E+07	2.99E+06	5.04E-01	
1_2106876_A_G	3.54E-01	1.45E-13	2.90E-06	-1.51E+07	2.99E+06	5.04E-01	
1_2219847_C_T	2.66E-01	6.88E-08	4.40E-06	1.51E+07	3.04E+06	4.96E-01	
1_2245757_T_C	3.29E-01	4.98E-06	9.10E-06	1.49E+07	3.13E+06	4.82E-01	
