1_242567_T_*	1.14E-01	3.49E-01	1.55E-10	1.25E+09	1.69E+08	6.50E-01	
1_242602_T_C	5.06E-02	3.92E-01	1.51E-24	2.10E+09	1.39E+08	8.68E-01	
1_242628_C_T	7.59E-02	3.64E-01	8.48E-10	1.09E+09	1.55E+08	6.30E-01	
1_242719_A_*	1.52E-01	3.42E-01	2.06E-07	8.73E+08	1.53E+08	5.51E-01	
1_242724_C_*	1.52E-01	3.42E-01	2.06E-07	8.73E+08	1.53E+08	5.51E-01	
1_242738_A_*	1.52E-01	3.42E-01	2.06E-07	8.73E+08	1.53E+08	5.51E-01	
1_242771_T_C	5.06E-02	3.92E-01	2.35E-05	6.68E+08	1.48E+08	4.62E-01	
1_242776_A_*	1.52E-01	3.42E-01	2.06E-07	8.73E+08	1.53E+08	5.51E-01	
1_242784_C_*	1.52E-01	3.42E-01	2.06E-07	8.73E+08	1.53E+08	5.51E-01	
1_243443_A_*	5.06E-02	3.91E-01	1.85E-11	1.46E+09	1.84E+08	6.74E-01	
1_243445_C_*	5.06E-02	3.91E-01	1.85E-11	1.46E+09	1.84E+08	6.74E-01	
1_243446_C_*	5.06E-02	3.91E-01	1.85E-11	1.46E+09	1.84E+08	6.74E-01	
1_243448_T_*	5.06E-02	3.91E-01	1.85E-11	1.46E+09	1.84E+08	6.74E-01	
1_806564_C_T	1.65E-01	3.41E-01	1.14E-27	2.29E+09	1.34E+08	8.93E-01	
1_807602_C_T	6.33E-02	3.75E-01	2.50E-77	2.86E+09	3.26E+07	9.95E-01	
1_1365083_C_*	8.86E-02	3.55E-01	3.12E-06	8.42E+08	1.67E+08	5.03E-01	
1_1770527_A_G	1.39E-01	3.42E-01	3.86E-10	1.30E+09	1.81E+08	6.39E-01	
1_2149153_G_A	6.33E-02	3.75E-01	2.50E-77	2.86E+09	3.26E+07	9.95E-01	
1_2204758_G_A	6.33E-02	3.75E-01	2.50E-77	2.86E+09	3.26E+07	9.95E-01	
1_2237134_C_*	1.39E-01	3.43E-01	1.86E-08	9.81E+08	1.56E+08	5.88E-01	
1_2237140_T_*	6.33E-02	3.75E-01	2.07E-10	1.25E+09	1.70E+08	6.47E-01	
1_2260868_C_T	5.06E-02	3.92E-01	1.35E-09	1.39E+09	2.01E+08	6.24E-01	
1_2395047_C_T	6.33E-02	3.75E-01	2.50E-77	2.86E+09	3.26E+07	9.95E-01	
