1_95498_A_*	3.92E-01	1.96E-09	2.00E-05	-5.20E+08	1.14E+08	4.65E-01	
1_108630_G_T	3.42E-01	1.25E-11	1.97E-05	-5.21E+08	1.14E+08	4.66E-01	
1_111426_C_T	4.18E-01	8.39E-10	1.97E-05	-5.21E+08	1.14E+08	4.66E-01	
1_124221_A_G	4.18E-01	8.39E-10	1.97E-05	-5.21E+08	1.14E+08	4.66E-01	
1_132158_A_G	4.43E-01	1.20E-12	7.44E-06	-5.35E+08	1.11E+08	4.86E-01	
1_133184_C_T	4.43E-01	1.20E-12	7.44E-06	-5.35E+08	1.11E+08	4.86E-01	
1_135747_C_T	4.43E-01	1.20E-12	7.44E-06	-5.35E+08	1.11E+08	4.86E-01	
1_135880_T_C	4.94E-01	4.80E-11	7.46E-06	-5.35E+08	1.11E+08	4.86E-01	
1_135943_G_A	4.43E-01	1.20E-12	7.44E-06	-5.35E+08	1.11E+08	4.86E-01	
1_136660_G_A	3.67E-01	8.12E-12	1.96E-05	-5.21E+08	1.14E+08	4.66E-01	
1_136669_T_C	4.18E-01	8.39E-10	1.97E-05	-5.21E+08	1.14E+08	4.66E-01	
1_136675_A_G	4.18E-01	8.39E-10	1.97E-05	-5.21E+08	1.14E+08	4.66E-01	
1_136678_G_A	4.18E-01	8.39E-10	1.97E-05	-5.21E+08	1.14E+08	4.66E-01	
1_136693_C_G	3.67E-01	8.12E-12	1.96E-05	-5.21E+08	1.14E+08	4.66E-01	
1_136705_C_T	3.67E-01	8.12E-12	1.96E-05	-5.21E+08	1.14E+08	4.66E-01	
1_137466_T_C	4.18E-01	8.39E-10	1.97E-05	-5.21E+08	1.14E+08	4.66E-01	
1_137529_A_G	3.67E-01	8.12E-12	1.96E-05	-5.21E+08	1.14E+08	4.66E-01	
1_137557_T_C	4.18E-01	8.39E-10	1.97E-05	-5.21E+08	1.14E+08	4.66E-01	
1_137586_A_G	4.18E-01	8.39E-10	1.97E-05	-5.21E+08	1.14E+08	4.66E-01	
1_137619_A_C	3.67E-01	8.12E-12	1.96E-05	-5.21E+08	1.14E+08	4.66E-01	
1_140912_A_G	4.18E-01	8.39E-10	1.97E-05	-5.21E+08	1.14E+08	4.66E-01	
1_140948_C_T	3.67E-01	8.12E-12	1.96E-05	-5.21E+08	1.14E+08	4.66E-01	
1_141008_G_A	3.67E-01	8.12E-12	1.96E-05	-5.21E+08	1.14E+08	4.66E-01	
1_142134_T_C	4.18E-01	8.39E-10	1.97E-05	-5.21E+08	1.14E+08	4.66E-01	
1_142143_C_T	3.67E-01	8.12E-12	1.96E-05	-5.21E+08	1.14E+08	4.66E-01	
1_142185_C_T	3.67E-01	8.12E-12	1.96E-05	-5.21E+08	1.14E+08	4.66E-01	
1_146726_A_T	3.67E-01	8.12E-12	1.96E-05	-5.21E+08	1.14E+08	4.66E-01	
1_147853_T_C	4.18E-01	8.39E-10	1.97E-05	-5.21E+08	1.14E+08	4.66E-01	
1_152578_G_T	3.67E-01	8.12E-12	1.96E-05	-5.21E+08	1.14E+08	4.66E-01	
1_152817_C_T	4.18E-01	8.39E-10	1.97E-05	-5.21E+08	1.14E+08	4.66E-01	
1_152838_T_C	4.18E-01	8.39E-10	1.97E-05	-5.21E+08	1.14E+08	4.66E-01	
1_152843_C_T	4.18E-01	8.39E-10	1.97E-05	-5.21E+08	1.14E+08	4.66E-01	
1_152859_T_C	4.18E-01	8.39E-10	1.97E-05	-5.21E+08	1.14E+08	4.66E-01	
1_152883_G_T	4.18E-01	8.39E-10	1.97E-05	-5.21E+08	1.14E+08	4.66E-01	
1_154833_G_A	4.18E-01	8.39E-10	1.97E-05	-5.21E+08	1.14E+08	4.66E-01	
1_162021_A_G	4.18E-01	8.39E-10	1.97E-05	-5.21E+08	1.14E+08	4.66E-01	
1_191020_C_*	3.67E-01	8.12E-12	1.96E-05	-5.21E+08	1.14E+08	4.66E-01	
1_198125_G_A	3.42E-01	1.25E-11	1.97E-05	-5.21E+08	1.14E+08	4.66E-01	
1_215601_T_C	4.18E-01	8.39E-10	1.97E-05	-5.21E+08	1.14E+08	4.66E-01	
1_215736_G_A	4.18E-01	8.39E-10	1.97E-05	-5.21E+08	1.14E+08	4.66E-01	
1_332927_G_C	5.44E-01	9.75E-11	9.18E-06	-5.45E+08	1.14E+08	4.82E-01	
1_502022_T_*	4.05E-01	9.99E-10	1.07E-05	-5.26E+08	1.11E+08	4.79E-01	
1_508130_T_G	4.81E-01	6.67E-10	2.76E-06	5.08E+08	1.00E+08	5.05E-01	
1_645984_C_T	3.67E-01	3.95E-10	2.32E-05	-5.13E+08	1.14E+08	4.62E-01	
1_856720_A_G	5.06E-01	2.05E-12	4.57E-06	-5.52E+08	1.12E+08	4.96E-01	
1_856801_T_C	5.82E-01	1.44E-08	2.35E-05	5.13E+08	1.14E+08	4.62E-01	
1_951425_T_C	3.92E-01	7.03E-12	1.34E-05	-5.11E+08	1.10E+08	4.74E-01	
1_951671_C_G	3.92E-01	7.03E-12	1.34E-05	-5.11E+08	1.10E+08	4.74E-01	
1_955141_G_A	3.54E-01	7.24E-12	1.06E-05	-5.26E+08	1.11E+08	4.79E-01	
1_1053369_T_C	5.06E-01	2.00E-11	3.83E-06	-5.41E+08	1.08E+08	4.99E-01	
1_1059185_C_G	3.54E-01	7.24E-12	1.06E-05	-5.26E+08	1.11E+08	4.79E-01	
1_1087132_C_G	5.44E-01	4.74E-12	2.09E-06	-5.62E+08	1.09E+08	5.11E-01	
1_1091936_T_C	4.68E-01	8.97E-13	2.11E-06	-5.61E+08	1.09E+08	5.10E-01	
1_1319211_T_C	4.05E-01	9.99E-10	1.07E-05	-5.26E+08	1.11E+08	4.79E-01	
1_1319243_C_G	5.44E-01	4.74E-12	2.09E-06	-5.62E+08	1.09E+08	5.11E-01	
1_1350888_C_G	4.30E-01	4.18E-10	1.05E-05	-5.27E+08	1.11E+08	4.79E-01	
1_1352656_G_A	4.56E-01	5.74E-13	3.82E-06	-5.41E+08	1.08E+08	4.99E-01	
1_1369826_T_G	5.44E-01	4.74E-12	2.09E-06	-5.62E+08	1.09E+08	5.11E-01	
1_1390427_C_A	2.28E-01	6.70E-05	1.91E-05	5.20E+08	1.14E+08	4.66E-01	
1_1578889_C_T	4.68E-01	8.97E-13	2.11E-06	-5.61E+08	1.09E+08	5.10E-01	
1_1662055_G_A	5.44E-01	4.74E-12	2.09E-06	-5.62E+08	1.09E+08	5.11E-01	
1_1668772_A_G	5.44E-01	4.74E-12	2.09E-06	-5.62E+08	1.09E+08	5.11E-01	
1_1670381_A_G	3.92E-01	7.03E-12	1.34E-05	-5.11E+08	1.10E+08	4.74E-01	
1_1670549_T_C	3.92E-01	7.03E-12	1.34E-05	-5.11E+08	1.10E+08	4.74E-01	
1_1670690_A_G	3.92E-01	7.03E-12	1.34E-05	-5.11E+08	1.10E+08	4.74E-01	
1_1706245_T_C	2.78E-01	1.26E-04	1.91E-05	5.20E+08	1.14E+08	4.66E-01	
1_1746914_G_A	5.57E-01	3.14E-11	4.57E-06	-5.52E+08	1.12E+08	4.96E-01	
1_1756467_A_G	3.80E-01	4.53E-12	1.05E-05	-5.27E+08	1.11E+08	4.79E-01	
1_1770428_A_*	4.81E-01	6.98E-11	3.91E-06	-5.41E+08	1.08E+08	4.99E-01	
1_1770436_A_*	4.81E-01	6.98E-11	3.91E-06	-5.41E+08	1.08E+08	4.99E-01	
1_1773043_A_G	3.80E-01	9.70E-10	7.04E-07	4.52E+08	8.34E+07	5.30E-01	
1_1773044_G_A	3.80E-01	9.70E-10	7.04E-07	4.52E+08	8.34E+07	5.30E-01	
1_1774400_C_T	5.06E-01	2.00E-11	3.83E-06	-5.41E+08	1.08E+08	4.99E-01	
1_1784124_G_A	2.53E-01	3.09E-06	7.17E-06	4.47E+08	9.26E+07	4.87E-01	
1_1786489_C_T	5.06E-01	2.00E-11	3.83E-06	-5.41E+08	1.08E+08	4.99E-01	
1_1790894_A_*	4.56E-01	5.74E-13	3.82E-06	-5.41E+08	1.08E+08	4.99E-01	
1_1793009_T_C	5.06E-01	2.00E-11	3.83E-06	-5.41E+08	1.08E+08	4.99E-01	
1_1804914_T_G	4.56E-01	5.74E-13	3.82E-06	-5.41E+08	1.08E+08	4.99E-01	
1_1806960_C_T	4.56E-01	5.74E-13	3.82E-06	-5.41E+08	1.08E+08	4.99E-01	
1_1815638_C_*	4.43E-01	5.71E-13	2.35E-06	-4.94E+08	9.66E+07	5.08E-01	
1_1815643_G_*	4.43E-01	5.71E-13	2.35E-06	-4.94E+08	9.66E+07	5.08E-01	
1_1815645_T_*	4.43E-01	5.71E-13	2.35E-06	-4.94E+08	9.66E+07	5.08E-01	
1_1821830_A_G	4.43E-01	3.16E-13	3.26E-06	-5.33E+08	1.06E+08	5.02E-01	
1_1822045_G_A	5.44E-01	4.74E-12	2.09E-06	-5.62E+08	1.09E+08	5.11E-01	
1_1822555_G_A	4.56E-01	5.74E-13	3.82E-06	-5.41E+08	1.08E+08	4.99E-01	
1_1925319_T_*	4.56E-01	9.12E-13	1.78E-06	-5.01E+08	9.66E+07	5.14E-01	
1_1926423_A_G	3.04E-01	1.22E-03	1.93E-05	5.20E+08	1.14E+08	4.66E-01	
1_1926706_T_C	5.19E-01	2.50E-11	2.14E-06	-5.61E+08	1.09E+08	5.10E-01	
1_1926814_G_A	4.68E-01	8.97E-13	2.11E-06	-5.61E+08	1.09E+08	5.10E-01	
1_1927616_T_A	3.04E-01	1.22E-03	1.93E-05	5.20E+08	1.14E+08	4.66E-01	
1_1927616_T_G	4.68E-01	8.97E-13	2.11E-06	-5.61E+08	1.09E+08	5.10E-01	
1_1927855_G_T	5.19E-01	2.50E-11	2.14E-06	-5.61E+08	1.09E+08	5.10E-01	
1_1927865_A_G	5.19E-01	2.50E-11	2.14E-06	-5.61E+08	1.09E+08	5.10E-01	
1_1933175_A_G	2.53E-01	1.02E-03	1.95E-05	5.20E+08	1.14E+08	4.66E-01	
1_1936336_A_C	5.19E-01	2.50E-11	2.14E-06	-5.61E+08	1.09E+08	5.10E-01	
1_1936338_G_A	5.44E-01	4.74E-12	2.09E-06	-5.62E+08	1.09E+08	5.11E-01	
1_1936346_C_T	4.68E-01	8.97E-13	2.11E-06	-5.61E+08	1.09E+08	5.10E-01	
1_1936366_C_T	5.44E-01	4.74E-12	2.09E-06	-5.62E+08	1.09E+08	5.11E-01	
1_1936377_A_C	5.19E-01	2.50E-11	2.14E-06	-5.61E+08	1.09E+08	5.10E-01	
1_1936391_C_T	5.32E-01	3.36E-11	7.89E-06	-5.21E+08	1.09E+08	4.85E-01	
1_1941708_T_*	4.68E-01	8.97E-13	2.11E-06	-5.61E+08	1.09E+08	5.10E-01	
1_1943603_C_T	4.68E-01	8.97E-13	2.11E-06	-5.61E+08	1.09E+08	5.10E-01	
1_1951129_T_C	5.19E-01	2.50E-11	2.14E-06	-5.61E+08	1.09E+08	5.10E-01	
1_1951177_A_G	5.19E-01	2.50E-11	2.14E-06	-5.61E+08	1.09E+08	5.10E-01	
1_1964584_C_G	3.54E-01	7.24E-12	1.06E-05	-5.26E+08	1.11E+08	4.79E-01	
1_1968131_G_T	4.30E-01	4.18E-10	1.05E-05	-5.27E+08	1.11E+08	4.79E-01	
1_1968421_T_C	4.30E-01	4.18E-10	1.05E-05	-5.27E+08	1.11E+08	4.79E-01	
1_1968431_A_C	4.30E-01	4.18E-10	1.05E-05	-5.27E+08	1.11E+08	4.79E-01	
1_1968443_A_G	4.30E-01	4.18E-10	1.05E-05	-5.27E+08	1.11E+08	4.79E-01	
1_1968485_G_A	4.30E-01	4.18E-10	1.05E-05	-5.27E+08	1.11E+08	4.79E-01	
1_2016243_G_A	3.54E-01	7.24E-12	1.06E-05	-5.26E+08	1.11E+08	4.79E-01	
1_2059126_G_A	3.54E-01	7.24E-12	1.06E-05	-5.26E+08	1.11E+08	4.79E-01	
1_2093218_A_G	5.44E-01	4.74E-12	2.09E-06	-5.62E+08	1.09E+08	5.11E-01	
1_2106876_A_G	3.54E-01	7.24E-12	1.06E-05	-5.26E+08	1.11E+08	4.79E-01	
1_2109378_T_C	2.28E-01	6.70E-05	1.91E-05	5.20E+08	1.14E+08	4.66E-01	
1_2110814_C_T	2.28E-01	6.70E-05	1.91E-05	5.20E+08	1.14E+08	4.66E-01	
