1_121170_C_T	6.33E-02	4.17E-05	7.77E-06	-6.19E+09	1.29E+09	4.85E-01	
1_465358_C_*	1.52E-01	4.54E-02	2.16E-08	6.38E+09	1.02E+09	5.86E-01	
1_924727_G_A	7.59E-02	9.87E-05	2.82E-06	3.85E+09	7.59E+08	5.05E-01	
1_2051932_G_*	1.52E-01	4.54E-02	2.16E-08	6.38E+09	1.02E+09	5.86E-01	
1_2051934_C_*	1.52E-01	4.54E-02	2.16E-08	6.38E+09	1.02E+09	5.86E-01	
1_2102010_A_G	5.06E-02	8.27E-01	2.77E-05	5.57E+09	1.25E+09	4.58E-01	
1_2102013_G_A	5.06E-02	8.27E-01	2.77E-05	5.57E+09	1.25E+09	4.58E-01	
1_2193865_G_T	8.86E-02	3.49E-05	1.01E-05	4.14E+09	8.75E+08	4.80E-01	
1_2200535_C_A	8.86E-02	3.49E-05	1.01E-05	4.14E+09	8.75E+08	4.80E-01	
1_2200541_A_G	1.39E-01	9.06E-02	1.03E-05	4.14E+09	8.74E+08	4.79E-01	
1_2200565_G_T	1.39E-01	9.06E-02	1.03E-05	4.14E+09	8.74E+08	4.79E-01	
1_2200571_G_A	1.39E-01	9.06E-02	1.03E-05	4.14E+09	8.74E+08	4.79E-01	
1_2364906_C_*	2.78E-01	1.62E-05	1.03E-05	2.02E+09	4.27E+08	4.79E-01	
